0.819115
0.858530
0.646992
0.377126
0.915868
0.183554
0.378117
0.851934
0.753576
0.682905
0.768996
0.272395
0.406208
0.784275
0.801160
0.775240
0.078984
0.543275
0.441832
0.557163
0.158872
0.225594
0.509050
0.623103
0.622279
0.217568
0.550349
0.406859
0.853330
0.553102
0.560090
0.672445
0.411632
0.207082
0.049571
0.327500
0.390636
0.427688
0.179435
0.144212
0.110593
0.948430
0.416607
0.516802
0.732706
0.217766
0.292042
0.811690
0.761041
0.733874
0.368853
0.919912
0.959468
0.877903
0.543016
0.581747
0.095471
0.093365
0.988606
0.948801
0.646467
0.548697
0.621246
0.058099
0.755778
0.670818
0.385599
0.146414
0.098506
0.565034
0.290626
0.209099
0.513464
0.707233
0.725901
0.246170
0.925000
0.017943
0.057860
0.686040
0.751817
0.426713
0.605953
0.711285
0.304616
0.148969
0.293033
0.400087
0.242334
0.281639
0.348888
0.888801
0.830336
0.970135
0.946900
0.586115
0.640952
0.332499
0.732529
0.739459
0.897532
0.023155
0.948557
0.410997
0.730388
0.674459
0.657167
0.655388
0.692402
0.715028
0.341428
0.444219
0.141741
0.947381
0.155504
0.446357
0.096350
0.448537
0.846444
0.338684
0.730176
0.195333
0.227484
0.560512
0.165468
0.174384
0.146627
0.806420
0.506883
0.879156
0.545878
0.404416
0.902311
0.494436
0.815413
0.632699
0.168895
0.472580
0.288087
0.861296
0.187608
0.629515
0.305515
0.329349
0.576896
0.461019
0.775706
0.673246
0.909555
0.622151
0.011930
0.639731
0.817483
0.239414
0.200243
0.982951
0.413797
0.346870
0.789372
0.920680
0.226026
0.335250
0.325096
0.128337
0.829686
0.140509
0.761036
0.998581
0.613088
0.049123
0.859877
0.800697
0.678638
0.165392
0.130045
0.255534
0.626411
0.905751
0.928780
0.535966
0.527902
0.940709
0.175697
0.345385
0.180123
0.375940
0.328336
0.593920
0.722809
0.117707
0.514601
0.948834
0.452957
0.839696
0.077172
0.282643
0.980206
0.838208
0.281224
0.593294
0.887331
0.141102
0.393990
0.565969
0.306494
0.524035
0.821503
0.932904
0.429786
0.750283
0.468870
0.957688
0.690992
0.644567
0.303073
0.871115
0.020507
0.631409
0.465036
0.743316
0.749116
0.979637
0.692151
0.202074
0.819334
0.769323
0.484718
0.799539
0.607530
0.765942
0.392832
0.494861
0.907043
0.786822
0.060830
0.213537
0.310858
0.882333
0.146442
0.740644
0.632615
0.615312
0.698332
0.323607
0.259879
0.001405
0.194723
0.280386
0.632814
0.659759
0.023702
0.381931
0.639396
0.715853
0.584005
0.458729
0.485175
0.068722
0.258268
0.092705
0.834664
0.651101
0.587566
0.741708
0.437923
0.648395
0.955244
0.748781
0.530728
0.101686
0.489425
0.163343
0.716998
0.187758
0.486950
0.976877
0.189163
0.681673
0.257263
0.821978
0.341432
0.280964
0.203909
0.980828
0.996817
0.787913
0.439558
0.481992
0.856636
0.697826
0.574697
0.691300
0.348926
0.162262
0.433008
0.786849
0.810658
0.388252
0.535630
0.341385
0.489938
0.025055
0.504728
0.206936
0.212813
0.991679
0.183813
0.401976
0.673352
0.441075
0.223954
0.014784
0.722039
0.427863
0.995613
0.718856
0.215776
0.435171
0.200848
0.072412
0.132996
0.775544
0.763712
0.481922
0.937807
0.196720
0.268772
0.748464
0.584972
0.804402
0.089850
0.074910
0.829457
0.594578
0.281846
0.042270
0.586256
0.465658
0.444246
0.259608
0.906733
0.668201
0.274393
0.628772
0.096063
0.270005
0.347628
0.311839
0.705176
0.548476
0.384251
0.838172
0.324021
0.147963
0.320095
0.261827
0.344683
0.588867
0.010292
0.929654
0.393269
0.100141
0.004564
0.222726
0.694719
0.286409
0.264997
0.280976
0.752068
0.709243
0.540584
0.658801
0.377443
0.814977
0.287573
0.473506
0.084982
0.635202
0.785345
0.790158
0.183678
0.169596
0.628331
0.507699
0.317559
0.948426
0.769526
0.662241
0.537293
0.779818
0.591896
0.930562
0.879959
0.596459
0.153288
0.574678
0.882869
0.418284
0.855654
0.634936
0.127527
0.396238
0.293737
0.504971
0.211215
0.581310
0.978476
0.296198
0.216512
0.763821
0.086356
0.400190
0.933417
0.714687
0.907889
0.250976
0.663113
0.677415
0.913217
0.200405
0.457233
0.505113
0.130967
0.337192
0.101572
0.284255
0.911871
0.984440
0.702539
0.767524
0.619376
0.830066
0.163763
0.913113
0.335036
0.374978
0.494423
0.313513
0.671176
0.710934
0.077334
0.757532
0.111124
0.010751
0.472219
0.019013
0.261726
0.135332
0.696428
0.174943
0.335737
0.153661
0.680056
0.466704
0.490853
0.781628
0.750958
0.402724
0.766068
0.453497
0.170248
0.385445
0.283563
0.334011
0.298558
0.618599
0.708989
0.792980
0.932112
0.380165
0.503915
0.009446
0.137697
0.615039
0.020197
0.609916
0.634052
0.281923
0.745247
0.330480
0.456867
0.080985
0.484141
0.136922
0.547688
0.974994
0.918551
0.298646
0.377717
0.684619
0.752144
0.547965
0.070064
0.035706
0.881977
0.368621
0.654305
0.590966
0.161602
0.586418
0.971132
0.665517
0.595863
0.108829
0.280556
0.616060
0.718745
0.914609
0.897983
0.463992
0.245088
0.354849
0.544977
0.729229
0.491772
0.092665
0.704223
0.410322
0.391312
0.081940
0.094941
0.143455
0.629906
0.165005
0.179161
0.511883
0.533627
0.833466
0.102849
0.695228
0.419884
0.073981
0.360746
0.015747
0.182809
0.641302
0.631807
0.901553
0.555910
0.529790
0.365546
0.800999
0.884640
0.910523
0.530228
0.376412
0.003188
0.234451
0.786734
0.394500
0.316391
0.881676
0.537954
0.946298
0.046680
0.717115
0.458181
0.580306
0.550581
0.561030
0.275535
0.970465
0.635010
0.636281
0.986212
0.817819
0.277583
0.618020
0.719373
0.833494
0.147810
0.084920
0.634492
0.032450
0.995442
0.164721
0.408861
0.998631
0.399172
0.195596
0.393130
0.715563
0.077271
0.931085
0.661861
0.123951
0.648199
0.120042
0.704258
0.198781
0.681071
0.979793
0.169246
0.316082
0.616074
0.155458
0.133901
0.893657
0.773478
0.853274
0.727151
0.921288
0.938194
0.361644
0.953737
0.933637
0.526364
0.362599
0.932267
0.925536
0.558194
0.325397
0.641100
0.635466
0.256482
0.302961
0.759416
0.904681
0.423003
0.463675
0.103462
0.104074
0.443468
0.272708
0.420156
0.059542
0.428166
0.554057
0.953200
0.201644
0.407332
0.680351
0.122931
0.345526
0.041994
0.076669
0.279163
0.568358
0.439268
0.211431
0.493895
0.997462
0.536828
0.134995
0.632928
0.793310
0.437956
0.392344
0.697991
0.860959
0.856020
0.801453
0.965033
0.299487
0.074161
0.385189
0.359029
0.502326
0.939247
0.312228
0.703970
0.346579
0.992579
0.826902
0.692106
0.034572
0.903571
0.971270
0.602931
0.342838
0.182700
0.096825
0.340301
0.719529
0.231820
0.973229
0.512839
0.669776
0.365573
0.210830
0.530735
0.221593
0.012283
0.495769
0.521080
0.086444
0.880958
0.880109
0.588771
0.820205
0.192337
0.292741
0.166784
0.184916
0.119643
0.858890
0.219488
0.023213
0.830160
0.822418
0.366052
0.012860
0.919245
0.706352
0.732389
0.151064
0.679582
0.245227
0.820841
0.045155
0.456057
0.351576
0.266747
0.468340
0.847344
0.787828
0.554784
0.728302
0.667936
0.143555
0.548507
0.860273
0.436296
0.715291
0.045189
0.555939
0.574181
0.264677
0.579152
0.404341
0.087096
0.945204
0.417201
0.006340
0.651557
0.149589
0.157404
0.331138
0.394816
0.978245
0.376293
0.850873
0.329820
0.643040
0.319213
0.177165
0.430867
0.873997
0.905466
0.098803
0.017553
0.453974
0.959077
0.453848
0.169265
0.004265
0.009787
0.743446
0.268942
0.588939
0.147787
0.356037
0.534143
0.564987
0.362377
0.185700
0.714576
0.519781
0.516837
0.109392
0.498026
0.893130
0.960265
0.827846
0.536170
0.279479
0.005011
0.967038
0.153476
0.910478
0.065841
0.171029
0.364452
0.024917
0.624877
0.533717
0.029182
0.634665
0.277163
0.298124
0.223604
0.424949
0.654162
0.757748
0.989937
0.016539
0.943447
0.704513
0.536320
0.460285
0.813906
0.034346
0.353414
0.774171
0.862192
0.889584
0.053650
0.867203
0.856622
0.207126
0.777682
0.922463
0.378155
0.142133
0.947380
0.003032
0.675849
0.976563
0.637697
0.953013
0.274687
0.861301
0.377962
0.928849
0.619049
0.367899
0.945388
0.562496
0.072412
0.481708
0.022780
0.886318
0.516053
0.376195
0.660489
0.378246
0.265780
0.714139
0.245450
0.122402
0.921266
0.023131
0.044865
0.299420
0.165264
0.992244
0.302453
0.841114
0.968807
0.940150
0.794126
0.243494
0.801451
0.172088
0.172343
0.420500
0.539987
0.117731
0.982996
0.612400
0.599438
0.005776
0.498718
0.115492
0.381971
0.159207
0.493738
0.647751
0.873346
0.739187
0.770152
0.794611
0.762318
0.815017
0.094031
0.927582
0.807262
0.396484
0.768696
0.776069
0.336634
0.562822
0.019563
0.138085
0.734910
0.191906
0.558585
0.274898
0.309637
0.541581
0.887297
0.909075
0.547357
0.386015
0.024566
0.929328
0.545223
0.518304
0.577079
0.418569
0.257491
0.347232
0.213180
0.019809
0.162249
0.307211
0.947391
0.969510
0.703695
0.716087
0.745579
0.040330
0.278909
0.765143
0.178415
0.013820
0.957049
0.737000
0.288717
0.266685
0.278581
0.176015
0.175760
0.825938
0.562031
0.200326
0.755266
0.107253
0.718630
0.332346
0.525822
0.976121
0.679577
0.739002
0.995929
0.841826
0.046213
0.943321
0.811336
0.749909
0.659407
0.556915
0.790238
0.938316
0.322058
0.968653
0.952136
0.279106
0.705653
0.240853
0.545792
0.984234
0.416868
0.721551
0.810172
0.978899
0.921877
0.565438
0.086152
0.640508
0.897783
0.611974
0.616628
0.577360
0.350976
0.612558
0.419186
0.397189
0.555878
0.230522
0.147098
0.215286
0.787437
0.937336
0.153602
0.109494
0.905988
0.105738
0.388600
0.611641
0.346591
0.934392
0.595875
0.763460
0.655943
0.406046
0.742358
0.577821
0.971484
0.828510
0.218329
0.869268
0.440485
0.834957
0.446628
0.791460
0.447515
0.865814
0.188649
0.003393
0.096336
0.335746
0.218678
0.883773
0.273082
0.372280
0.993267
0.179071
0.478018
0.381867
0.790712
0.824610
0.316259
0.386587
0.588069
0.972203
0.792634
0.330428
0.550024
0.764118
0.158938
0.768352
0.633386
0.599423
0.603309
0.080013
0.390883
0.050824
0.945828
0.579532
0.054217
0.042163
0.915278
0.272896
0.925935
0.188361
0.645176
0.919202
0.367432
0.123194
0.301070
0.158144
0.947804
0.617330
0.544731
0.535873
0.589532
0.337365
0.866301
0.139556
0.101483
0.025239
0.907908
0.734868
0.624662
0.511218
0.814882
0.015545
0.562042
0.760709
0.595077
0.616260
0.802872
0.510355
0.889156
0.728808
0.698715
0.534331
0.648010
0.066147
0.657526
0.949080
0.224291
0.605330
0.566409
0.769022
0.141203
0.155942
0.106387
0.007504
0.295498
0.207870
0.032743
0.203406
0.942739
0.657405
0.714624
0.757621
0.672949
0.276666
0.518330
0.268026
0.892926
0.321202
0.778381
0.782081
0.050010
0.477096
0.316412
0.698020
0.543243
0.973938
0.647100
0.767534
0.579268
0.213510
0.536556
0.720471
0.369452
0.642944
0.727975
0.664950
0.850814
0.760718
0.868356
0.793552
0.418123
0.582980
0.551173
0.091073
0.859647
0.069504
0.359099
0.752572
0.390706
0.137480
0.534653
0.440716
0.614576
0.851066
0.138736
0.157819
0.825004
0.785836
0.925354
0.404272
0.999346
0.461910
0.124742
0.368798
0.104854
0.852717
0.033748
0.955667
0.613435
0.902104
0.749220
0.031558
0.485084
0.300393
0.122630
0.344730
0.369897
0.481729
0.097302
0.760602
0.619209
0.631956
0.201318
0.233784
0.483022
0.340054
0.391604
0.308025
0.125890
0.316957
0.712297
0.125236
0.778867
0.837039
0.494034
0.883721
0.689756
0.527781
0.839388
0.303191
0.429885
0.588608
0.334748
0.914969
0.889001
0.457379
0.259699
0.258898
0.939108
0.357001
0.019500
0.558316
0.988956
0.220818
0.792101
0.471978
0.560871
0.183704
0.780003
0.686761
0.500661
0.492300
0.811997
0.279529
0.329339
0.306031
0.163249
0.019095
0.833812
0.002637
0.322286
0.263698
0.591245
0.657034
0.178667
0.480246
0.114413
0.438365
0.739144
0.053521
0.795367
0.758643
0.611837
0.784323
0.979461
0.403937
0.256301
0.540332
0.587640
0.036305
0.227094
0.088302
0.528605
0.039091
0.367830
0.857944
0.345122
0.531080
0.877040
0.178934
0.533717
0.199326
0.442632
0.124962
0.856360
0.621299
0.605209
0.970774
0.059664
0.344352
0.024294
0.855031
0.102995
0.636131
0.639354
0.082456
0.040068
0.895655
0.622789
0.627708
0.931959
0.849883
0.716010
0.460565
0.888973
0.083840
0.318509
0.234095
0.614920
0.195548
0.413029
0.148637
0.394874
0.855662
0.273599
0.251235
0.476960
0.878808
0.222008
0.536625
0.223160
0.246302
0.391655
0.326155
0.882433
0.031009
0.408611
0.922501
0.926664
0.031400
0.550209
0.858624
0.881283
0.266219
0.319189
0.770256
0.350060
0.637698
0.004350
0.964979
0.833246
0.417379
0.113616
0.228120
0.273041
0.387215
0.479355
0.750002
0.266023
0.701363
0.286626
0.489182
0.947665
0.678281
0.815337
0.830099
0.709290
0.223948
0.752600
0.635954
0.255348
0.302809
0.494578
0.136631
0.569028
0.813766
0.906886
0.919088
0.451464
0.911236
0.884067
0.284710
0.328615
0.997684
0.512831
0.601656
0.384898
0.992186
0.351657
0.650921
0.693549
0.638283
0.140103
0.641214
0.316564
0.955440
0.471313
0.025854
0.179389
0.223913
0.661809
0.434737
0.526723
0.156386
0.571367
0.095751
0.970153
0.478254
0.014839
0.421617
0.389490
0.898907
0.706328
0.718105
0.896590
0.219159
0.319761
0.281488
0.211344
0.671419
0.932410
0.904893
0.309702
0.072513
0.546107
0.626266
0.027953
0.017420
0.652120
0.207342
0.241334
0.313929
0.642079
0.768056
0.470316
0.213447
0.863808
0.440469
0.691700
0.878647
0.862086
0.081190
0.777553
0.568414
0.799294
0.674144
0.787572
0.119056
0.955632
0.998917
0.790474
0.888041
0.903810
0.100176
0.960554
0.449917
0.726442
0.988508
0.467337
0.378563
0.195850
0.708671
0.692492
0.837930
0.476728
0.162808
0.051376
0.340535
0.603277
0.743077
0.219183
0.465363
0.824266
0.996736
0.033777
0.623561
0.670880
0.821349
0.742617
0.626512
0.820266
0.533092
0.514553
0.724076
0.633268
0.475108
0.173993
0.359710
0.463616
0.641330
0.738273
0.659466
0.350001
0.430766
0.497395
0.826729
0.593574
0.548772
0.167264
0.196850
0.291848
0.386447
0.662213
0.116114
0.383184
0.695990
0.739675
0.054064
0.517339
0.482292
0.680575
0.337605
0.015383
0.195129
0.061681
0.648651
0.670236
0.235674
0.008362
0.133852
0.877004
0.746635
0.793318
0.227005
0.177401
0.290713
0.053734
0.770974
0.839485
0.220999
0.967825
0.131333
0.607446
0.630038
0.247447
0.990629
0.326028
0.987122
0.044693
0.843367
0.469414
0.725268
0.180972
0.484797
0.920397
0.242653
0.133448
0.590634
0.478327
0.141810
0.724486
0.355331
0.888445
0.517804
0.582336
0.065846
0.808517
0.636070
0.836820
0.648002
0.857069
0.804646
0.779334
0.464515
0.434684
0.026781
0.455144
0.760712
0.013903
0.499837
0.604079
0.483317
0.225105
0.785051
0.968113
0.145502
0.027704
0.101562
0.736136
0.506032
0.243372
0.460622
0.861362
0.131817
0.978425
0.443699
0.197663
0.786943
0.079769
0.034484
0.434944
0.936838
0.839129
0.214278
0.401353
0.273813
0.241059
0.856497
0.034524
0.254962
0.356334
0.638603
0.738279
0.581439
0.423653
0.706392
0.726941
0.451357
0.807954
0.463077
0.957389
0.051327
0.923698
0.818751
0.183144
0.902123
0.262450
0.380806
0.689066
0.342219
0.415290
0.124010
0.279058
0.254419
0.338289
0.680410
0.528232
0.579348
0.536908
0.562756
0.834309
0.893242
0.201358
0.572588
0.474681
0.625012
0.278980
0.201622
0.076369
0.086935
0.664698
0.033758
0.138261
0.588397
0.852509
0.321405
0.490521
0.114960
0.702211
0.179587
0.457180
0.117501
0.303597
0.736237
0.371921
0.641886
0.416648
0.900153
0.221233
0.953556
0.462908
0.055543
0.846797
0.664266
0.628131
0.321478
0.289278
0.907111
0.523099
0.365647
0.994046
0.187798
0.399405
0.132307
0.776195
0.251914
0.453712
0.266715
0.366874
0.155924
0.446301
0.824053
0.273425
0.749898
0.560291
0.645346
0.391784
0.976939
0.545498
0.613017
0.930495
0.008406
0.668560
0.777292
0.672672
0.296691
0.098770
0.961950
0.203802
0.621870
0.327597
0.197848
0.809668
0.727001
0.330155
0.585862
0.978915
0.783867
0.852577
0.345789
0.939791
0.298878
0.169843
0.213216
0.048776
0.730133
0.858561
0.440560
0.707073
0.404059
0.053577
0.637567
0.412465
0.722137
0.414860
0.085137
0.018828
0.513630
0.047087
0.222629
0.135500
0.374684
0.420477
0.945168
0.101685
0.750632
0.531030
0.080601
0.534499
0.383606
0.426390
0.474290
0.682485
0.596232
0.687506
0.731261
0.326366
0.546067
0.171821
0.033438
0.950127
0.225399
0.671005
0.362592
0.947535
0.085865
0.447730
0.966363
0.599495
0.494817
0.188992
0.734995
0.869501
0.609469
0.680162
0.971186
0.360101
0.211192
0.051787
0.894601
0.594799
0.478176
0.368891
0.277283
0.074409
0.056397
0.008545
0.400775
0.602464
0.180366
0.434213
0.552591
0.405765
0.105218
0.915183
0.353300
0.191082
0.362912
0.319663
0.790577
0.857729
0.508655
0.525572
0.727230
0.118124
0.205734
0.698416
0.478225
0.416926
0.750203
0.372826
0.011725
0.228379
0.741717
0.289008
0.302788
0.798114
0.297553
0.703563
0.400578
0.477919
0.137775
0.953169
0.883683
0.242993
0.868352
0.236983
0.434075
0.231265
0.556646
0.224652
0.088994
0.065301
0.750224
0.816224
0.183425
0.955957
0.514640
0.661650
0.372884
0.264843
0.034477
0.384609
0.493222
0.776194
0.673617
0.796010
0.574308
0.971170
0.499573
0.974886
0.449089
0.637348
0.928055
0.332772
0.880341
0.796407
0.569755
0.314416
0.027672
0.126401
0.539068
0.116666
0.191702
0.289291
0.932890
0.375127
0.245249
0.447531
0.036777
0.618133
0.712373
0.071254
0.002742
0.205596
0.847448
0.676359
0.001607
0.421756
0.647528
0.501180
0.396641
0.096617
0.138528
0.324697
0.429389
0.018869
0.121104
0.999144
0.333284
0.148776
0.125545
0.872352
0.265442
0.317247
0.161644
0.198332
0.692373
0.406893
0.645863
0.729151
0.025026
0.358237
0.800405
0.027768
0.563833
0.647853
0.704127
0.565439
0.069608
0.351655
0.066619
0.466250
0.448272
0.205148
0.790946
0.877661
0.224016
0.912050
0.876806
0.557300
0.060826
0.002350
0.429653
0.326268
0.319597
0.591296
0.524601
0.011971
0.998190
0.170463
0.741122
0.023215
0.528700
0.541527
0.050983
0.092533
0.189379
0.755109
0.657973
0.258987
0.106764
0.724592
0.725237
0.555036
0.929739
0.516183
0.432697
0.153756
0.428234
0.309502
0.711056
0.489060
0.311853
0.140709
0.815328
0.631450
0.732006
0.339928
0.643421
0.730195
0.510392
0.384542
0.753411
0.039092
0.926069
0.804393
0.131625
0.115448
0.559503
0.789597
0.374436
0.666267
0.514190
0.099673
0.221303
0.443929
0.615856
0.654000
0.597685
0.044090
0.963502
0.308741
0.533150
0.275355
0.449450
0.348477
0.906805
0.181456
0.688406
0.550226
0.911651
0.198797
0.934768
0.665061
0.237889
0.860837
0.469454
0.369514
0.976285
0.028957
0.159111
0.350721
0.695223
0.673300
0.450393
0.916527
0.117230
0.066250
0.570526
0.714915
0.110340
0.534028
0.023656
0.643489
0.809383
0.473107
0.991966
0.716187
0.654563
0.680372
0.266413
0.566214
0.879169
0.201180
0.231275
0.117058
0.062017
0.700730
0.486571
0.038302
0.729687
0.645682
0.389023
0.424910
0.318983
0.839416
0.341437
0.436212
0.905666
0.911963
0.151127
0.016006
0.445991
0.174784
0.659495
0.255374
0.647890
0.651461
0.971561
0.302453
0.331833
0.237973
0.868667
0.211002
0.439154
0.099943
0.328060
0.501171
0.800673
0.814631
0.539473
0.530360
0.460313
0.928496
0.955270
0.779296
0.767912
0.296707
0.215508
0.673578
0.208670
0.366636
0.689583
0.654661
0.541419
0.349078
0.910034
0.189310
0.000539
0.881595
0.491763
0.332372
0.119569
0.360431
0.543375
0.558723
0.460374
0.871435
0.059894
0.261046
0.686066
0.599367
0.791405
0.146380
0.527863
0.746675
0.925676
0.295775
0.043382
0.141184
0.969352
0.252052
0.507820
0.658936
0.906713
0.049239
0.008014
0.816748
0.238549
0.008553
0.698343
0.730312
0.340926
0.817912
0.090743
0.884301
0.376635
0.551117
0.755735
0.436529
0.812162
0.441802
0.035896
0.603568
0.588181
0.563759
0.350243
0.513857
0.859534
0.393626
0.655041
0.828887
0.645678
0.162861
0.487822
0.552391
0.212101
0.495837
0.369138
0.450650
0.504390
0.067481
0.180962
0.845316
0.885393
0.271705
0.729616
0.262028
0.822821
0.485352
0.698557
0.634984
0.927154
0.734452
0.238552
0.515335
0.298212
0.588796
0.029192
0.157746
0.982421
0.684234
0.986632
0.628099
0.847095
0.474455
0.180490
0.059196
0.970291
0.549628
0.509845
0.474681
0.617109
0.690808
0.319997
0.502502
0.962513
0.049613
0.764530
0.785334
0.534965
0.463087
0.420318
0.462118
0.197540
0.658871
0.977454
0.495752
0.247666
0.006646
0.653497
0.230087
0.690880
0.640130
0.858186
0.537975
0.114585
0.038676
0.597170
0.084876
0.588305
0.107016
0.559557
0.205414
0.797823
0.879554
0.707917
0.760335
0.929168
0.472447
0.545669
0.464132
0.935534
0.965988
0.926251
0.133074
0.624858
0.903704
0.628826
0.872524
0.910350
0.282323
0.102611
0.601230
0.922453
0.960797
0.139205
0.037038
0.999473
0.736376
0.121913
0.587778
0.843392
0.681471
0.793192
0.641214
0.561025
0.501109
0.401549
0.490192
0.973556
0.947219
0.954325
0.909089
0.913207
0.880575
0.042164
0.538064
0.784280
0.670989
0.410588
0.694631
0.953312
0.513199
0.295861
0.875765
0.473996
0.435066
0.912803
0.473470
0.171441
0.034716
0.061248
0.014833
0.716187
0.854440
0.656047
0.277212
0.355549
0.057596
0.767404
0.329104
0.004815
0.721729
0.238194
0.918021
0.602305
0.280357
0.456085
0.386584
0.951346
0.866674
0.081215
0.904659
0.379873
0.377075
0.780425
0.853869
0.812141
0.693228
0.327339
0.983582
0.727944
0.388587
0.998415
0.444131
0.243027
0.654462
0.721343
0.598576
0.712058
0.488747
0.927679
0.716873
0.210476
0.165874
0.634894
0.812781
0.446231
0.090980
0.199365
0.397578
0.957654
0.280579
0.302237
0.337527
0.657655
0.082662
0.191396
0.469796
0.775890
0.518736
0.453378
0.503834
0.907323
0.451794
0.947965
0.150350
0.106256
0.669307
0.748926
0.818313
0.158055
0.676605
0.535186
0.368531
0.842479
0.170081
0.181311
0.288710
0.261060
0.380676
0.686289
0.218714
0.661255
0.988525
0.556241
0.318910
0.071188
0.747638
0.788707
0.847077
0.266373
0.242085
0.350911
0.173696
0.693879
0.298875
0.324046
0.800134
0.968182
0.072972
0.618448
0.126238
0.749577
0.153635
0.494769
0.592057
0.323715
0.676080
0.880767
0.584776
0.056756
0.567055
0.803490
0.718011
0.555581
0.359730
0.036922
0.626769
0.107367
0.825628
0.473845
0.373740
0.067713
0.824756
0.547436
0.761591
0.123631
0.871482
0.561725
0.091813
0.944453
0.180174
0.218051
0.694031
0.333808
0.712820
0.286087
0.657523
0.388900
0.166854
0.242299
0.445656
0.733909
0.045788
0.163667
0.289490
0.405518
0.200589
0.916258
0.512885
0.026216
0.390104
0.886626
0.093929
0.214859
0.434062
0.855520
0.338490
0.305544
0.417245
0.430304
0.249997
0.597419
0.648355
0.944028
0.931227
0.361174
0.230115
0.588750
0.750074
0.396969
0.831049
0.195729
0.130879
0.876837
0.359396
0.420369
0.282355
0.559985
0.336627
0.795241
0.586201
0.726731
0.681867
0.680130
0.941590
0.115928
0.535650
0.280080
0.421472
0.952896
0.710384
0.671470
0.550315
0.358738
0.615498
0.481542
0.719913
0.845613
0.070292
0.469987
0.242583
0.901342
0.665715
0.373461
0.778179
0.025112
0.793830
0.060534
0.585097
0.130457
0.855775
0.171298
0.857188
0.537642
0.851428
0.798777
0.653570
0.387078
0.078858
0.075042
0.339974
0.789241
0.746512
0.890289
0.147980
0.362010
0.371831
0.867893
0.207623
0.442123
0.337879
0.450206
0.343465
0.003595
0.823667
0.121644
0.028707
0.617497
0.182178
0.613804
0.747954
0.037953
0.785102
0.605141
0.575594
0.636530
0.403919
0.229165
0.023609
0.482777
0.304207
0.363583
0.272019
0.050719
0.253872
0.419999
0.412729
0.625703
0.287892
0.620353
0.067826
0.625771
0.070558
0.411291
0.629366
0.894225
0.532934
0.658073
0.511722
0.715112
0.271877
0.259676
0.753065
0.056980
0.864817
0.328660
0.693510
0.268737
0.557824
0.717119
0.751514
0.862032
0.080703
0.023533
0.912751
0.334575
0.443532
0.325481
0.960278
0.731423
0.945833
0.028104
0.357195
0.016392
0.439395
0.986561
0.910617
0.972329
0.644634
0.422339
0.687442
0.916511
0.682015
0.440507
0.973491
0.546832
0.769166
0.667001
0.815569
0.326992
0.384120
0.567083
0.189023
0.464823
0.590616
0.101775
0.799398
0.034148
0.427256
0.759677
0.765571
0.373089
0.787781
0.122766
0.389481
0.227176
0.109327
0.300098
0.199505
0.753961
0.722436
0.886947
0.670472
0.404452
0.327454
0.643963
0.951284
0.096621
0.310964
0.766854
0.423612
0.695085
0.333937
0.612636
0.159908
0.924553
0.714410
0.959307
0.958701
0.141666
0.718983
0.724273
0.514756
0.506764
0.847039
0.904236
0.733940
0.956366
0.204334
0.933445
0.710327
0.926771
0.820393
0.380800
0.331222
0.147847
0.024763
0.282506
0.244467
0.335727
0.049360
0.668079
0.030812
0.383297
0.280715
0.190720
0.307850
0.995125
0.150027
0.266551
0.136791
0.869011
0.990823
0.651547
0.375775
0.837863
0.555783
0.109715
0.794229
0.760117
0.043161
0.504556
0.686887
0.863554
0.885356
0.018109
0.011400
0.910118
0.300616
0.255868
0.245845
0.349975
0.923947
0.276656
0.733272
0.204661
0.467376
0.041122
0.199786
0.617403
0.307673
0.336577
0.486414
0.298497
0.988124
0.862189
0.136359
0.543907
0.971904
0.930588
0.304024
0.015065
0.435144
0.990912
0.878619
0.320499
0.009021
0.890019
0.230617
0.309636
0.145886
0.476461
0.659612
0.069833
0.753118
0.392884
0.274495
0.220494
0.434006
0.474281
0.837897
0.741679
0.810858
0.324311
0.040176
0.798983
0.186499
0.176535
0.342889
0.158403
0.107123
0.646913
0.173468
0.542267
0.637824
0.052087
0.862766
0.646845
0.942106
0.093382
0.956481
0.087992
0.569843
0.616093
0.157825
0.322961
0.008976
0.432320
0.543454
0.442982
0.906601
0.381351
0.184661
0.717459
0.705662
0.224836
0.516441
0.892161
0.401371
0.859330
0.050564
0.508494
0.506243
0.224032
0.050761
0.144068
0.276119
0.913526
0.790912
0.218225
0.006908
0.747393
0.306217
0.576751
0.363486
0.464042
0.899712
0.372462
0.896362
0.443166
0.815444
0.802963
0.824517
0.000105
0.520421
0.530179
0.224941
0.036862
0.422340
0.626312
0.896193
0.472904
0.134806
0.402436
0.696936
0.185567
0.546504
0.973056
0.099093
0.337416
0.191281
0.106002
0.084809
0.497497
0.682753
0.448295
0.961539
0.582465
0.820757
0.857901
0.025631
0.636202
0.660863
0.850148
0.636306
0.181285
0.380327
0.861248
0.218147
0.802667
0.487560
0.114340
0.275571
0.622367
0.516776
0.972508
0.807934
0.063280
0.945564
0.907027
0.400696
0.136845
0.013029
0.485505
0.634342
0.695782
0.933800
0.595882
0.278246
0.754558
0.453783
0.303877
0.390760
0.114647
0.154025
0.027066
0.295932
0.534352
0.888314
0.514079
0.337019
0.375874
0.628419
0.612590
0.998242
0.145195
0.585099
0.806175
0.208475
0.530663
0.713202
0.609171
0.667507
0.726231
0.094676
0.301850
0.422013
0.028476
0.897732
0.700260
0.783033
0.351515
0.004137
0.173793
0.466162
0.158162
0.200860
0.762093
0.692513
0.089174
0.276172
0.029532
0.465049
0.904591
0.642122
0.463290
0.049786
0.227221
0.269465
0.258261
0.757883
0.982668
0.867431
0.425390
0.708899
0.962107
0.727240
0.130913
0.990583
0.624971
0.831172
0.773617
0.976486
0.835309
0.947409
0.442647
0.993470
0.148269
0.204740
0.685984
0.237444
0.480912
0.715516
0.702493
0.385503
0.357638
0.165783
0.435289
0.584859
0.435248
0.693550
0.342742
0.417916
0.560981
0.768132
0.126816
0.523087
0.495372
0.257728
0.513670
0.120343
0.088900
0.287286
0.096829
0.924209
0.234696
0.539476
0.917680
0.382965
0.744217
0.603663
0.620409
0.225129
0.319179
0.322901
0.610632
0.676817
0.488684
0.045921
0.261676
0.923933
0.739470
0.604418
0.341849
0.300451
0.372550
0.468664
0.823538
0.867922
0.726392
0.337208
0.988265
0.815293
0.624494
0.085094
0.739501
0.859190
0.624571
0.657182
0.242155
0.368787
0.260844
0.862563
0.593916
0.580023
0.185465
0.204547
0.256841
0.674149
0.250468
0.518517
0.598082
0.989939
0.122934
0.939930
0.290390
0.495484
0.408595
0.113929
0.363406
0.134987
0.451137
0.351671
0.950280
0.075631
0.436765
0.689781
0.934821
0.061335
0.346963
0.176976
0.430122
0.607807
0.039540
0.024038
0.187831
0.225004
0.228585
0.444671
0.899153
0.479053
0.963188
0.497235
0.468991
0.086122
0.437165
0.759381
0.581606
0.845760
0.873310
0.945012
0.980747
0.324446
0.296683
0.931026
0.400078
0.733448
0.620808
0.334899
0.794783
0.967770
0.511875
0.224905
0.575577
0.551415
0.248943
0.763408
0.776419
0.477527
0.208079
0.675572
0.956580
0.171267
0.172808
0.425571
0.257389
0.609972
0.184952
0.838995
0.455732
0.058262
0.784007
0.436478
0.382708
0.080690
0.367504
0.782786
0.814138
0.988312
0.117685
0.608921
0.956082
0.629561
0.833826
0.531658
0.180976
0.082769
0.295066
0.957395
0.560296
0.503145
0.632968
0.516876
0.674412
0.805775
0.942447
0.931801
0.415748
0.127399
0.770796
0.871479
0.185661
0.554804
0.307957
0.568369
0.635494
0.675462
0.351155
0.449632
0.663773
0.468840
0.058553
0.619855
0.098401
0.892379
0.151513
0.279376
0.975148
0.446579
0.236771
0.535443
0.949725
0.869739
0.052319
0.624137
0.675514
0.994766
0.555937
0.091261
0.122165
0.326734
0.962740
0.307826
0.881537
0.270698
0.876195
0.517032
0.946160
0.227349
0.966664
0.609932
0.696189
0.025217
0.229787
0.794590
0.917596
0.381300
0.073966
0.892743
0.827880
0.310738
0.428187
0.777604
0.180476
0.480506
0.401740
0.855991
0.475272
0.957678
0.947251
0.597437
0.284412
0.909992
0.905263
0.165949
0.180689
0.781457
0.682981
0.126849
0.008807
0.649645
0.736781
0.704996
0.674862
0.966569
0.499586
0.592458
0.347869
0.573553
0.485202
0.175748
0.884290
0.913389
0.953352
0.064767
0.393896
0.355093
0.920757
0.869168
0.312771
0.868008
0.466606
0.597183
0.778000
0.371869
0.763132
0.958690
0.153326
0.446113
0.085538
0.162133
0.095759
0.822319
0.867129
0.770621
0.788888
0.366715
0.363079
0.136756
0.940268
0.848281
0.312505
0.824559
0.761671
0.265857
0.889325
0.155566
0.620950
0.810083
0.024735
0.933721
0.678092
0.491340
0.530904
0.456091
0.863209
0.294036
0.414781
0.016535
0.740150
0.500319
0.178668
0.835908
0.322638
0.045797
0.606529
0.111526
0.412512
0.969608
0.248282
0.352780
0.817890
0.560787
0.177339
0.579560
0.826643
0.066664
0.735126
0.447593
0.876747
0.759861
0.381314
0.554839
0.251201
0.912217
0.010930
0.114410
0.206254
0.425711
0.130945
0.946403
0.926030
0.309613
0.782311
0.248668
0.355410
0.388839
0.360194
0.767922
0.358448
0.608476
0.120703
0.176337
0.169263
0.298042
0.755896
0.995906
0.364706
0.491023
0.443500
0.241453
0.250884
0.824813
0.796291
0.502085
0.737032
0.807222
0.616495
0.943285
0.232933
0.747440
0.889688
0.158962
0.057054
0.671999
0.407631
0.412464
0.060838
0.767825
0.180386
0.419286
0.376301
0.301089
0.595622
0.545564
0.599130
0.351519
0.541470
0.963836
0.842542
0.984969
0.205290
0.093426
0.809783
0.001582
0.595511
0.546814
0.808803
0.212006
0.490099
0.041736
0.959446
0.379788
0.200698
0.016500
0.051786
0.608329
0.428964
0.112624
0.376154
0.609350
0.531909
0.752454
0.910439
0.127531
0.298018
0.509570
0.479050
0.839487
0.473406
0.321592
0.824456
0.678696
0.415018
0.634239
0.680277
0.010529
0.181054
0.489081
0.222535
0.671154
0.530816
0.181981
0.050941
0.731515
0.198481
0.102727
0.339844
0.627445
0.215351
0.715998
0.236794
0.747261
0.468452
0.147233
0.874792
0.766470
0.656802
0.353843
0.605958
0.130209
0.675435
0.430414
0.808905
0.090452
0.064654
0.489182
0.100981
0.245708
0.978263
0.323516
0.916861
0.509079
0.505496
0.967803
0.240594
0.703977
0.070530
0.580438
0.331422
0.285881
0.296435
0.568216
0.033142
0.764887
0.715449
0.907935
0.531358
0.372252
0.261777
0.137315
0.502461
0.937212
0.567729
0.311365
0.027664
0.632383
0.800547
0.128645
0.878091
0.778809
0.452161
0.794952
0.287888
0.957657
0.762755
0.528482
0.661634
0.833285
0.108920
0.993055
0.119166
0.405355
0.561271
0.152308
0.170242
0.276721
0.060243
0.701600
0.648972
0.322020
0.838915
0.151433
0.259231
0.406644
0.462798
0.286896
0.039027
0.263346
0.415541
0.917117
0.042155
0.867701
0.712069
0.330043
0.825357
0.474825
0.858525
0.486991
0.308109
0.967445
0.480047
0.427275
0.372800
0.041318
0.579584
0.543042
0.318038
0.639827
0.244641
0.967010
0.961846
0.083556
0.118444
0.221078
0.490200
0.581243
0.507973
0.529227
0.844588
0.923513
0.446345
0.886743
0.791215
0.158414
0.216786
0.616572
0.633239
0.075311
0.103563
0.941347
0.042756
0.583610
0.368623
0.415556
0.624928
0.948206
0.958598
0.942966
0.588033
0.203239
0.909977
0.549879
0.286795
0.028421
0.770957
0.776995
0.609664
0.278930
0.306222
0.454252
0.202443
0.752566
0.340994
0.993658
0.910980
0.557781
0.610230
0.544219
0.633092
0.713793
0.485567
0.675848
0.297403
0.854190
0.091404
0.922331
0.802396
0.050002
0.865297
0.390429
0.253240
0.775275
0.940308
0.540036
0.803695
0.711264
0.317031
0.413359
0.990194
0.623253
0.867611
0.192638
0.375819
0.208605
0.186296
0.286800
0.766386
0.796526
0.831019
0.399479
0.510319
0.316585
0.075327
0.807722
0.170775
0.166731
0.730054
0.973170
0.216732
0.595351
0.363600
0.469973
0.370626
0.303907
0.010008
0.174322
0.015172
0.327039
0.587681
0.005366
0.950292
0.455292
0.198004
0.326111
0.663897
0.384300
0.612911
0.430283
0.180825
0.443930
0.829762
0.691144
0.760515
0.905089
0.498867
0.931291
0.071820
0.228920
0.904461
0.288552
0.824272
0.268061
0.758525
0.194898
0.571968
0.768533
0.369219
0.587140
0.095572
0.956900
0.592506
0.045864
0.412192
0.790510
0.371974
0.076089
0.174810
0.984885
0.506373
0.355635
0.428816
0.336135
0.046779
0.189331
0.241224
0.545645
0.120622
0.313044
0.774566
0.025083
0.601595
0.598838
0.293144
0.360120
0.793735
0.865113
0.128653
0.162955
0.452253
0.224226
0.119855
0.044759
0.270089
0.532047
0.835269
0.642064
0.608136
0.010079
0.626949
0.114509
0.365714
0.055765
0.450644
0.412492
0.245096
0.691868
0.958138
0.365718
0.004911
0.732704
0.390801
0.606507
0.331542
0.683946
0.966627
0.125277
0.549058
0.095281
0.288232
0.001311
0.319506
0.408087
0.046070
0.589595
0.940134
0.881339
0.231658
0.548271
0.891418
0.858608
0.662780
0.257131
0.914373
0.113424
0.669623
0.159468
0.805292
0.627761
0.525186
0.810203
0.360465
0.915987
0.416710
0.692007
0.599933
0.383337
0.817285
0.148991
0.478617
0.105516
0.150302
0.798123
0.513603
0.196372
0.387718
0.453737
0.077710
0.619377
0.002008
0.969128
0.477984
0.664788
0.226259
0.392357
0.778212
0.895882
0.551825
0.583504
0.523643
0.077011
0.393707
0.884108
0.992998
0.810417
0.576116
0.592931
0.193754
0.393400
0.741921
0.672372
0.498916
0.892223
0.470495
0.012519
0.088595
0.858213
0.466257
0.166305
0.477590
0.468265
0.135433
0.955575
0.133053
0.361691
0.347932
0.911265
0.257573
0.899757
0.494768
0.781216
0.976768
0.888476
0.665325
0.969765
0.698892
0.241440
0.562696
0.892646
0.634840
0.304618
0.565018
0.133756
0.196841
0.035513
0.146275
0.285436
0.893726
0.612532
0.451740
0.371316
0.080797
0.587173
0.326891
0.213850
0.948865
0.674822
0.125114
0.206438
0.574579
0.619883
0.987655
0.551347
0.508358
0.652979
0.521113
0.207250
0.894419
0.083809
0.099897
0.529259
0.388427
0.664914
0.663015
0.585268
0.700427
0.809290
0.870703
0.594153
0.421822
0.322444
0.965469
0.502619
0.909618
0.292360
0.716469
0.858482
0.967183
0.841584
0.064920
0.541762
0.461466
0.052575
0.093109
0.969824
0.705554
0.614222
0.177074
0.599973
0.698032
0.276971
0.129232
0.086459
0.941885
0.792246
0.671727
0.642313
0.601537
0.542430
0.236465
0.023359
0.864874
0.201934
0.525978
0.774492
0.494294
0.242447
0.632974
0.461477
0.084030
0.697894
0.003238
0.545496
0.750468
0.096347
0.515320
0.456022
0.710568
0.692394
0.055995
0.408600
0.969365
0.185227
0.495059
0.911250
0.977474
0.166785
0.553563
0.579010
0.709215
0.790028
0.602369
0.574089
0.991962
0.128347
0.348581
0.486257
0.370795
0.981555
0.947733
0.454825
0.679449
0.950973
0.000321
0.429917
0.047319
0.515641
0.885939
0.757888
0.208036
0.941934
0.166488
0.177401
0.127161
0.661547
0.088651
0.104634
0.828331
0.642214
0.683644
0.537547
0.432242
0.286013
0.111637
0.424205
0.414360
0.460218
0.910462
0.785155
0.441773
0.858196
0.239980
0.121222
0.809168
0.240301
0.551139
0.856487
0.755943
0.437078
0.614375
0.963979
0.379013
0.780863
0.141379
0.506173
0.442410
0.230031
0.610808
0.270741
0.872245
0.294452
0.808289
0.304487
0.580465
0.919925
0.728691
0.994826
0.380143
0.639153
0.779982
0.821917
0.497349
0.019962
0.943139
0.306516
0.260263
0.494278
0.163003
0.016206
0.931357
0.777378
0.980185
0.310369
0.558241
0.121564
0.816543
0.000651
0.351595
0.427350
0.271392
0.223840
0.721802
0.079681
0.528326
0.302268
0.999606
0.257017
0.297094
0.379749
0.896170
0.077075
0.201666
0.393519
0.097037
0.144805
0.700036
0.357300
0.639082
0.863039
0.373506
0.570438
0.640418
0.353691
0.880808
0.198659
0.475255
0.697351
0.199310
0.826850
0.124701
0.470703
0.050690
0.846503
0.550383
0.579016
0.148771
0.549989
0.836033
0.445865
0.929738
0.732203
0.522941
0.131404
0.125723
0.619978
0.276209
0.825758
0.977278
0.915291
0.688798
0.350784
0.485730
0.329216
0.704475
0.366538
0.527875
0.179731
0.063888
0.727185
0.006581
0.188588
0.197888
0.057271
0.035092
0.748271
0.636286
0.183863
0.298260
0.472319
0.629728
0.227998
0.204523
0.152669
0.359402
0.330245
0.772647
0.635611
0.156004
0.749925
0.550902
0.844802
0.100710
0.036632
0.174018
0.805185
0.403170
0.701893
0.984916
0.467057
0.429078
0.991496
0.655646
0.626966
0.048767
0.690738
0.375237
0.685053
0.874601
0.673497
0.157372
0.504329
0.901496
0.361895
0.656998
0.260898
0.692141
0.429645
0.896509
0.848145
0.179571
0.447412
0.692947
0.280281
0.484044
0.866965
0.085466
0.887213
0.568857
0.070381
0.354271
0.997935
0.061878
0.009917
0.624902
0.110645
0.700654
0.000139
0.795698
0.575255
0.673636
0.953071
0.079584
0.575132
0.314966
0.736583
0.836030
0.007107
0.166228
0.732540
0.855251
0.345799
0.179951
0.548198
0.626079
0.663995
0.415163
0.711545
0.551208
0.984020
0.781926
0.905479
0.981955
0.843804
0.915396
0.606857
0.954449
0.616050
0.606996
0.750148
0.191305
0.280632
0.703219
0.270889
0.855765
0.018185
0.007471
0.691794
0.025292
0.173699
0.424334
0.880543
0.519498
0.604285
0.428742
0.145578
0.268279
0.843904
0.857123
0.819488
0.827924
0.639049
0.724966
0.809879
0.482853
0.640362
0.416736
0.437303
0.256412
0.023732
0.187451
0.447717
0.304364
0.890670
0.718606
0.160128
0.908855
0.726077
0.851922
0.934147
0.899776
0.276256
0.814690
0.419275
0.880541
0.243432
0.564852
0.148820
0.087336
0.421975
0.968307
0.915260
0.061024
0.693274
0.725139
0.543877
0.333636
0.141874
0.981179
0.590048
0.165606
0.168631
0.037765
0.469970
0.059300
0.756371
0.630098
0.968155
0.482449
0.482020
0.902303
0.382226
0.758277
0.716993
0.801501
0.638817
0.960425
0.366353
0.787637
0.047761
0.788328
0.755944
0.963021
0.849352
0.449218
0.688159
0.393229
0.782854
0.830034
0.374409
0.372902
0.995641
0.543040
0.410668
0.465610
0.602340
0.167039
0.095708
0.570495
0.649488
0.577728
0.472798
0.031714
0.336005
0.189791
0.833215
0.974821
0.150216
0.199568
0.762459
0.197977
0.987896
0.518403
0.160998
0.837248
0.967621
0.849158
0.230478
0.750475
0.679192
0.604887
0.123377
0.674832
0.147926
0.534045
0.140442
0.750266
0.701084
0.236150
0.320762
0.350572
0.813879
0.793560
0.382285
0.149883
0.983351
0.215500
0.124705
0.133568
0.415068
0.887163
0.331545
0.402964
0.405566
0.492543
0.240212
0.373186
0.341701
0.470689
0.123662
0.020893
0.075576
0.247039
0.695725
0.223502
0.781084
0.836167
0.973769
0.482167
0.072317
0.294531
0.832739
0.886196
0.088091
0.215025
0.036079
0.071442
0.430525
0.160783
0.205010
0.845592
0.047947
0.536555
0.248556
0.453512
0.029098
0.488767
0.826699
0.370799
0.959456
0.950360
0.391692
0.035032
0.197399
0.087417
0.258534
0.978483
0.923584
0.232303
0.460650
0.995901
0.526834
0.293389
0.882096
0.614925
0.508414
0.918175
0.686368
0.938938
0.078959
0.891378
0.784530
0.126906
0.427932
0.033086
0.580418
0.457031
0.521853
0.407117
0.827830
0.481309
0.357477
0.219522
0.516341
0.554876
0.306938
0.774875
0.533359
0.230522
0.007179
0.994009
0.226423
0.534013
0.287398
0.108520
0.148938
0.795811
0.026695
0.835305
0.734750
0.105654
0.726683
0.519280
0.232560
0.154615
0.552366
0.812977
0.611646
0.074218
0.220095
0.439475
0.555528
0.577572
0.658997
0.071869
0.132449
0.965935
0.846744
0.665808
0.196457
0.853923
0.659817
0.422880
0.387936
0.947215
0.531400
0.536873
0.743027
0.558096
0.372179
0.477777
0.663750
0.098861
0.997056
0.896310
0.253477
0.549423
0.709288
0.865123
0.623641
0.929382
0.304598
0.179168
0.506954
0.963594
0.251037
0.639403
0.929529
0.097781
0.305210
0.125987
0.951704
0.965027
0.548868
0.339640
0.912242
0.080268
0.876514
0.655269
0.638363
0.248692
0.133046
0.302113
0.347553
0.130103
0.198423
0.601030
0.679525
0.907711
0.466152
0.303167
0.837093
0.770749
0.482335
0.344047
0.734344
0.733372
0.983450
0.663874
0.831153
0.288661
0.789860
0.782858
0.253688
0.338728
0.122497
0.165930
0.418996
0.999010
0.821200
0.057359
0.247703
0.954246
0.359472
0.595256
0.084348
0.557896
0.196286
0.763874
0.465606
0.662438
0.067040
0.302699
0.433188
0.549376
0.646746
0.167532
0.282748
0.630197
0.831405
0.113901
0.918857
0.621266
0.896758
0.172545
0.959994
0.019256
0.338475
0.378990
0.018267
0.159675
0.436349
0.265969
0.113920
0.795821
0.861225
0.198269
0.353717
0.057511
0.962143
0.819324
0.719950
0.029183
0.122023
0.153138
0.578558
0.768770
0.320670
0.861306
0.398966
0.152075
0.975207
0.317823
0.773341
0.871965
0.490369
0.733335
0.891221
0.828843
0.112325
0.909488
0.988518
0.548674
0.175457
0.102439
0.344495
0.036682
0.300708
0.698212
0.094194
0.262851
0.517536
0.814143
0.292034
0.639558
0.967280
0.870593
0.408327
0.287950
0.731898
0.807293
0.440025
0.707105
0.125117
0.213366
0.579071
0.615485
0.946702
0.470291
0.444329
0.059027
0.379779
0.432847
0.607701
0.555236
0.535287
0.952195
0.591918
0.835995
0.650408
0.686112
0.098845
0.167943
0.500255
0.390879
0.807501
0.467535
0.261472
0.215829
0.755485
0.993370
0.023122
0.195511
0.700475
0.148239
0.408877
0.279546
0.763725
0.355579
0.749837
0.208053
0.414606
0.129616
0.640901
0.022307
0.684852
0.176187
0.974503
0.276770
0.012182
0.624910
0.962881
0.111027
0.792853
0.463136
0.501906
0.600354
0.930671
0.763378
0.816183
0.686157
0.756748
0.839305
0.881668
0.457224
0.987544
0.290545
0.736770
0.751269
0.646124
0.486607
0.959322
0.060730
0.616223
0.600223
0.083037
0.301074
0.776410
0.057539
0.577844
0.788591
0.682449
0.540725
0.899619
0.475302
0.003861
0.401525
0.075656
0.934532
0.164903
0.891839
0.620689
0.921652
0.731144
0.502357
0.378875
0.718689
0.792902
0.115645
0.469957
0.439025
0.602251
0.429279
0.499756
0.218474
0.029502
0.582793
0.519549
0.805912
0.640332
0.097393
0.594503
0.322781
0.638118
0.494122
0.798083
0.641979
0.895647
0.873740
0.576511
0.060550
0.765578
0.197201
0.982201
0.496722
0.699557
0.361077
0.215411
0.492459
0.476721
0.685368
0.931484
0.078973
0.114647
0.431240
0.297447
0.144149
0.014033
0.816995
0.950060
0.654364
0.914387
0.544564
0.977145
0.552505
0.038686
0.775228
0.194484
0.934333
0.648967
0.770996
0.994884
0.414545
0.968197
0.977086
0.911267
0.667754
0.338162
0.126678
0.160212
0.814884
0.812046
0.091697
0.893857
0.926693
0.522937
0.191303
0.070842
0.536969
0.008298
0.020903
0.191333
0.922685
0.565467
0.168478
0.475191
0.604153
0.943706
0.669676
0.538486
0.592673
0.440671
0.533370
0.007218
0.408868
0.510455
0.918486
0.076621
0.848617
0.045164
0.236834
0.663502
0.857210
0.328530
0.557358
0.783904
0.851467
0.748661
0.854745
0.388436
0.756959
0.875648
0.579769
0.679645
0.441114
0.748248
0.154836
0.045267
0.691954
0.824512
0.583754
0.284627
0.265183
0.117124
0.291845
0.674051
0.627579
0.210330
0.750672
0.476196
0.255494
0.987506
0.139698
0.112704
0.316036
0.697056
0.896608
0.167503
0.445717
0.751353
0.555939
0.202677
0.627001
0.135709
0.882321
0.068116
0.883957
0.037158
0.113383
0.575911
0.861669
0.697137
0.860537
0.126852
0.814260
0.152381
0.800903
0.441839
0.362711
0.551574
0.918036
0.618205
0.539080
0.057734
0.730909
0.855115
0.754790
0.627517
0.022619
0.200507
0.378870
0.578558
0.403183
0.005871
0.714267
0.285505
0.073987
0.598223
0.322663
0.187370
0.174134
0.184332
0.884507
0.034670
0.311184
0.698767
0.187052
0.112086
0.140606
0.549763
0.663660
0.058642
0.167968
0.202740
0.116376
0.898878
0.057856
0.871166
0.526395
0.080474
0.071673
0.905266
0.659032
0.474856
0.911137
0.373299
0.760361
0.985124
0.971521
0.083024
0.172494
0.145655
0.267356
0.057001
0.180325
0.578540
0.755768
0.367377
0.690626
0.896374
0.917140
0.354286
0.955017
0.085108
0.557026
0.071393
0.983986
0.614881
0.942559
0.510381
0.695356
0.014231
0.415646
0.354388
0.489087
0.326783
0.727686
0.249449
0.311907
0.699208
0.332473
0.484401
0.844864
0.599829
0.541402
0.025189
0.178368
0.297170
0.392566
0.868994
0.193545
0.309706
0.223280
0.148562
0.394814
0.780306
0.219954
0.378800
0.395187
0.162513
0.889181
0.090543
0.176744
0.304827
0.444931
0.665832
0.631609
0.172617
0.915280
0.943517
0.871825
0.247753
0.427918
0.716688
0.847582
0.969320
0.741878
0.025950
0.266490
0.134443
0.894945
0.460035
0.444150
0.118225
0.608597
0.838964
0.898531
0.828551
0.217763
0.293718
0.991064
0.106944
0.384261
0.167809
0.411771
0.829192
0.833641
0.043380
0.001809
0.748921
0.986897
0.873634
0.996675
0.414815
0.590322
0.844256
0.384135
0.332200
0.870206
0.650625
0.466643
0.765151
0.110660
0.910793
0.883376
0.719257
0.749756
0.781907
0.547808
0.967519
0.075625
0.538873
0.074463
0.459886
0.706681
0.486233
0.289078
0.540321
0.529613
0.290886
0.289242
0.516510
0.164520
0.285917
0.931325
0.754843
0.130173
0.315460
0.087042
0.000379
0.966084
0.553685
0.765530
0.076745
0.464478
0.648906
0.796002
0.214233
0.430813
0.343810
0.181753
0.506438
0.882682
0.256216
0.966323
0.589364
0.742449
0.255401
0.129685
0.272062
0.546287
0.418928
0.788573
0.710808
0.704845
0.719899
0.465650
0.835017
0.035358
0.552692
0.835396
0.001443
0.106377
0.600926
0.078188
0.570854
0.249832
0.874190
0.785088
0.680645
0.218000
0.966841
0.187082
0.100682
0.223056
0.153405
0.690046
0.965505
0.408806
0.819731
0.237568
0.955094
0.238659
0.026141
0.665902
0.943503
0.746039
0.131552
0.778520
0.781397
0.684244
0.613915
0.782840
0.790621
0.214841
0.861028
0.361475
0.464673
0.735217
0.146563
0.145317
0.953218
0.113404
0.332399
0.053899
0.336460
0.485804
0.743945
0.301966
0.894610
0.563676
0.539533
0.849705
0.802335
0.565674
0.515606
0.745838
0.311712
0.647158
0.524357
0.093109
0.331401
0.138273
0.875949
0.122022
0.353114
0.736977
0.483497
0.817787
0.472195
0.630061
0.963104
0.425412
0.743465
0.295503
0.479311
0.079925
0.781308
0.223257
0.381891
0.675918
0.786933
0.921424
0.525623
0.589268
0.487097
0.041229
0.335105
0.798810
0.688387
0.859463
0.891920
0.019789
0.997735
0.767869
0.141811
0.350849
0.504846
0.625308
0.168636
0.977041
0.255368
0.131740
0.402453
0.998834
0.427244
0.881765
0.078759
0.208552
0.105021
0.460649
0.884471
0.891954
0.382073
0.410094
0.481221
0.869171
0.451323
0.816326
0.667981
0.139710
0.675789
0.559901
0.159499
0.673524
0.327770
0.301310
0.024373
0.832616
0.926617
0.193009
0.809657
0.181986
0.324750
0.212110
0.180819
0.751993
0.093874
0.259577
0.960545
0.198895
0.720227
0.845016
0.090849
0.102300
0.255109
0.572070
0.971471
0.706432
0.388397
0.639452
0.846142
0.064185
0.199353
0.005641
0.737710
0.527123
0.306950
0.762082
0.359738
0.233568
0.955092
0.169395
0.415553
0.279841
0.381505
0.596372
0.031834
0.475379
0.855950
0.992379
0.674274
0.576177
0.837394
0.765123
0.678477
0.092504
0.337193
0.649948
0.798936
0.725589
0.289400
0.645077
0.789774
0.488753
0.650719
0.527484
0.015876
0.957669
0.289566
0.375614
0.191237
0.244658
0.545010
0.606790
0.524499
0.926514
0.203163
0.556333
0.401893
0.059113
0.548712
0.076167
0.635290
0.386107
0.841289
0.313767
0.478611
0.178482
0.963715
0.277547
0.904071
0.253115
0.922624
0.693845
0.741868
0.573343
0.221330
0.757744
0.531012
0.510896
0.133358
0.722249
0.755554
0.678368
0.329039
0.280053
0.604882
0.532202
0.836386
0.006775
0.591315
0.385098
0.082942
0.226605
0.771206
0.924231
0.540372
0.249817
0.102713
0.504086
0.527364
0.006784
0.757201
0.449988
0.700630
0.499069
0.023331
0.921959
0.256813
0.554343
0.432855
0.390171
0.276592
0.188409
0.068539
0.605631
0.468462
0.673421
0.137833
0.304847
0.680196
0.729148
0.689946
0.763138
0.955753
0.461151
0.687368
0.496125
0.710968
0.790082
0.000211
0.238332
0.796865
0.757412
0.688320
0.497494
0.256481
0.711650
0.419453
0.513294
0.265993
0.852308
0.903465
0.542585
0.040717
0.972003
0.148216
0.509179
0.645425
0.286049
0.814026
0.325620
0.015198
0.503972
0.088758
0.970951
0.965124
0.776127
0.467076
0.676091
0.566208
0.467286
0.914423
0.363073
0.224698
0.602743
0.860567
0.481179
0.314393
0.280020
0.994473
0.580386
0.132328
0.897938
0.122970
0.173046
0.869943
0.271187
0.682224
0.515367
0.557236
0.496251
0.840987
0.572433
0.000223
0.929746
0.543385
0.965347
0.705872
0.010460
0.641438
0.272080
0.477746
0.555862
0.635153
0.702444
0.158604
0.495721
0.183624
0.472997
0.775741
0.178097
0.053383
0.908070
0.076036
0.176353
0.081115
0.945978
0.447540
0.763340
0.461346
0.004776
0.259590
0.302333
0.577209
0.259813
0.232078
0.120593
0.225160
0.937951
0.131053
0.866598
0.210031
0.608800
0.422459
0.845185
0.311244
0.581064
0.340905
0.494868
0.054061
0.116646
0.672966
0.107443
0.024716
0.749001
0.283796
0.105831
0.694979
0.731336
0.869170
0.156325
0.736111
0.128760
0.458658
0.313321
0.388573
0.690736
0.433914
0.613733
0.628687
0.564968
0.480331
0.838718
0.173767
0.902790
0.683902
0.485011
0.483854
0.024807
0.979879
0.537915
0.141453
0.652845
0.645358
0.166169
0.401846
0.929155
0.272000
0.096825
0.660490
0.141169
0.253151
0.396602
0.269930
0.711808
0.709923
0.658503
0.402544
0.143837
0.272237
0.031231
0.708804
0.752568
0.869949
0.882571
0.655358
0.553851
0.367583
0.139212
0.578658
0.347462
0.677127
0.720111
0.000307
0.322485
0.886280
0.402152
0.251639
0.158279
0.498978
0.912130
0.299449
0.752129
0.308732
0.569379
0.463937
0.018654
0.227882
0.866481
0.162491
0.500119
0.897712
0.871295
0.252686
0.767661
0.753866
0.908044
0.321511
0.121449
0.047257
0.900170
0.468911
0.724384
0.620281
0.469217
0.046869
0.506561
0.871370
0.298508
0.664841
0.370348
0.210638
0.964289
0.122477
0.519370
0.533668
0.586414
0.538024
0.761550
0.452895
0.700515
0.261669
0.350606
0.571809
0.514355
0.118267
0.325676
0.422399
0.439779
0.447125
0.469656
0.339949
0.916036
0.194040
0.960229
0.385253
0.240909
0.466790
0.256624
0.539418
0.131631
0.626972
0.750056
0.095920
0.749448
0.269425
0.629588
0.335861
0.807449
0.391138
0.788755
0.507963
0.652807
0.139362
0.079773
0.167162
0.257629
0.405449
0.589561
0.697408
0.852573
0.059217
0.037357
0.768609
0.253258
0.997587
0.153863
0.494167
0.464377
0.410486
0.033584
0.596008
0.037458
0.783640
0.691928
0.786906
0.053065
0.321516
0.122767
0.860514
0.712655
0.911523
0.368478
0.365462
0.050885
0.448251
0.532623
0.308514
0.853700
0.122185
0.005923
0.706273
0.181402
0.043280
0.474882
0.434660
0.040867
0.628745
0.928827
0.505243
0.039231
0.962411
0.101252
0.076688
0.746051
0.793180
0.863594
0.799116
0.114696
0.986361
0.659631
0.827350
0.897883
0.028109
0.192812
0.948769
0.476359
0.725436
0.257283
0.330059
0.847621
0.263206
0.036331
0.029023
0.306486
0.511213
0.463682
0.347353
0.139958
0.392509
0.852596
0.179189
0.354920
0.953848
0.255877
0.100971
0.747028
0.119471
0.900088
0.861723
0.105832
0.559718
0.689074
0.003716
0.587827
0.881886
0.952485
0.064186
0.607323
0.209768
0.394245
0.454943
0.472974
0.430576
0.483965
0.779460
0.941789
0.947648
0.126813
0.081747
0.340157
0.979409
0.260935
0.695076
0.933257
0.516813
0.796047
0.680284
0.636284
0.696135
0.542008
0.742116
0.255853
0.231082
0.745833
0.843680
0.112969
0.698318
0.907866
0.720291
0.908086
0.302111
0.175234
0.381060
0.732687
0.659200
0.160520
0.674475
0.606847
0.287333
0.756222
0.947004
0.266742
0.017158
0.642080
0.199999
0.533970
0.438127
0.880283
0.170254
0.134262
0.422291
0.912370
0.390115
0.653372
0.658202
0.233795
0.766341
0.356520
0.141661
0.486633
0.264606
0.443772
0.661867
0.645666
0.176459
0.321066
0.806187
0.850935
0.927913
0.093520
0.607157
0.874916
0.360262
0.624315
0.516996
0.560261
0.158284
0.955123
0.440544
0.328538
0.089385
0.862834
0.240908
0.479500
0.516207
0.899110
0.713295
0.282548
0.255630
0.854956
0.769181
0.520236
0.298728
0.431047
0.165902
0.475187
0.752113
0.972089
0.326122
0.680025
0.065608
0.933278
0.554942
0.425870
0.557593
0.071939
0.986131
0.715877
0.027062
0.426674
0.044415
0.116447
0.289509
0.285323
0.595947
0.805715
0.184433
0.309243
0.088264
0.440063
0.164199
0.857444
0.960300
0.462927
0.288492
0.126201
0.938114
0.040605
0.098290
0.264236
0.720630
0.163898
0.197514
0.275573
0.589768
0.755107
0.347511
0.575899
0.470984
0.374573
0.002573
0.515399
0.491021
0.292082
0.800722
0.086968
0.097797
0.985155
0.396211
0.186061
0.425219
0.560410
0.043505
0.385518
0.023337
0.331997
0.511719
0.961451
0.372601
0.610009
0.225687
0.093232
0.773907
0.423201
0.368805
0.363675
0.178307
0.716316
0.939574
0.649291
0.090889
0.942147
0.164690
0.581910
0.234229
0.965412
0.668878
0.332026
0.950568
0.065088
0.518087
0.375786
0.625498
0.561592
0.761304
0.648834
0.893588
0.273022
0.610285
0.266190
0.883031
0.835972
0.359422
0.656937
0.259172
0.728227
0.020612
0.437480
0.444542
0.960185
0.086770
0.535432
0.902332
0.251460
0.117341
0.136561
0.216872
0.786218
0.468586
0.167439
0.851307
0.986673
0.543225
0.476804
0.548265
0.304528
0.125639
0.441854
0.577551
0.735924
0.708044
0.460582
0.571896
0.067466
0.117519
0.831069
0.795693
0.138131
0.268548
0.240236
0.098316
0.355318
0.775667
0.000649
0.606779
0.893008
0.137209
0.823650
0.679226
0.605795
0.991090
0.530533
0.592469
0.534315
0.007337
0.140734
0.838844
0.132976
0.582587
0.416394
0.868900
0.290631
0.876976
0.440796
0.358097
0.994495
0.271865
0.153791
0.132626
0.540413
0.394027
0.230942
0.895732
0.169693
0.231591
0.502511
0.062701
0.368800
0.326161
0.741927
0.974595
0.317252
0.272460
0.567064
0.851567
0.279797
0.707798
0.690410
0.412773
0.290385
0.106805
0.281673
0.581017
0.983781
0.722470
0.939114
0.978275
0.994335
0.092905
0.110902
0.534749
0.486931
0.341844
0.430481
0.656624
0.573435
0.932992
0.719326
0.942235
0.259153
0.461254
0.916830
0.576404
0.733714
0.483895
0.427971
0.013511
0.191693
0.118382
0.426284
0.482078
0.225186
0.707958
0.063095
0.208967
0.430428
0.002209
0.187242
0.424763
0.095114
0.298144
0.959512
0.582045
0.639988
0.389993
0.238670
0.213423
0.322984
0.957996
0.155658
0.582137
0.419250
0.072488
0.158542
0.152963
0.556383
0.586513
0.166474
0.748076
0.704895
0.592758
0.230154
0.930081
0.300716
0.293249
0.139048
0.731143
0.295458
0.326290
0.155907
0.390572
0.624434
0.115419
0.972617
0.264422
0.505411
0.211287
0.477845
0.828396
0.169283
0.633503
0.410533
0.588533
0.705991
0.569074
0.741496
0.262374
0.155588
0.907970
0.010450
0.860483
0.500728
0.240604
0.790563
0.801443
0.533853
0.929611
0.532587
0.829311
0.255901
0.688494
0.219882
0.880336
0.803912
0.192499
0.144758
0.309324
0.403786
0.622603
0.137719
0.573069
0.256106
0.548252
0.161601
0.962097
0.117327
0.903096
0.224471
0.272914
0.811066
0.234922
0.133397
0.311794
0.475526
0.923960
0.113237
0.009379
0.853571
0.645825
0.838690
0.109472
0.334318
0.058572
0.989807
0.138230
0.251071
0.134564
0.447554
0.654857
0.757167
0.585273
0.227925
0.013273
0.133525
0.389525
0.975370
0.250852
0.292622
0.199841
0.523766
0.103688
0.434763
0.657163
0.415482
0.910289
0.581123
0.528719
0.919668
0.434693
0.174544
0.758359
0.544165
0.508862
0.816931
0.533971
0.647092
0.068002
0.668536
0.094646
0.722858
0.425703
0.679919
0.950783
0.438976
0.813444
0.340309
0.414346
0.064296
0.632930
0.614188
0.588063
0.736618
0.048951
0.245226
0.152100
0.959240
0.826348
0.680819
0.878908
0.261041
0.855362
0.637267
0.805206
0.364224
0.454198
0.339177
0.011316
0.522199
0.007713
0.105963
0.245058
0.433417
0.785882
0.195841
0.872393
0.599326
0.536150
0.286740
0.663622
0.169080
0.900927
0.251685
0.905698
0.949878
0.496911
0.057798
0.909117
0.323259
0.738617
0.788026
0.584300
0.593979
0.425293
0.389506
0.958204
0.879491
0.728683
0.969519
0.401690
0.736397
0.075482
0.646748
0.169814
0.861364
0.842589
0.042207
0.460690
0.378738
0.328946
0.124313
0.547818
0.229873
0.375998
0.453516
0.179751
0.872909
0.511314
0.088869
0.196168
0.249931
0.876895
0.780468
0.843910
0.302188
0.169974
0.802113
0.181679
0.898658
0.771632
0.583369
0.635055
0.847115
0.230117
0.804869
0.708478
0.072705
0.847075
0.169169
0.451444
0.176021
0.293481
0.999261
0.405895
0.669479
0.452778
0.585646
0.542388
0.964093
0.674515
0.738556
0.214023
0.551410
0.519024
0.057932
0.853599
0.688999
0.860045
0.035278
0.587657
0.631678
0.618647
0.222712
0.478792
0.848763
0.027580
0.187271
0.921469
0.874655
0.356439
0.372913
0.050676
0.649921
0.372174
0.456571
0.319400
0.824952
0.042217
0.861788
0.789044
0.716732
0.600344
0.003067
0.268143
0.119368
0.060999
0.121741
0.808367
0.921044
0.157019
0.396024
0.552722
0.775666
0.618735
0.031514
0.624429
0.646315
0.218785
0.545898
0.520970
0.575224
0.918811
0.571647
0.225144
0.290985
0.028218
0.544544
0.115937
0.070435
0.406333
0.904981
0.787167
0.006677
0.908049
0.055310
0.126045
0.969048
0.177051
0.934413
0.890092
0.334070
0.330436
0.442814
0.109736
0.949171
0.474329
0.734165
0.595487
0.693113
0.280064
0.116458
0.268337
0.198874
0.688104
0.493481
0.489859
0.716322
0.038026
0.605797
0.786758
0.444358
0.510778
0.573924
0.451035
0.418827
0.629234
0.577081
0.387875
0.806285
0.511493
0.277967
0.140355
0.841929
0.720782
0.250091
0.791102
0.195110
0.984256
0.386589
0.888223
0.264320
0.503046
0.156560
0.463195
0.191151
0.650042
0.953054
0.907473
0.688068
0.558851
0.694230
0.132426
0.069629
0.268155
0.583461
0.488456
0.897389
0.160542
0.876330
0.703674
0.672036
0.154298
0.844029
0.513965
0.875079
0.094120
0.305067
0.070190
0.078377
0.691655
0.958413
0.342697
0.194701
0.114973
0.805892
0.385852
0.765016
0.758946
0.293325
0.453083
0.317797
0.987555
0.585509
0.387426
0.255710
0.168971
0.875882
0.153098
0.329513
0.752212
0.856772
0.001548
0.906510
0.700801
0.515513
0.781590
0.794921
0.820580
0.851779
0.873298
0.512235
0.810192
0.215995
0.706936
0.925166
0.021886
0.092788
0.690181
0.780832
0.386113
0.143264
0.098629
0.373667
0.728773
0.486054
0.629377
0.897743
0.361936
0.782475
0.227256
0.114148
0.639247
0.228805
0.020658
0.340048
0.744318
0.802248
0.134969
0.564898
0.654027
0.008267
0.077133
0.464220
0.224261
0.784070
0.389386
0.246148
0.876857
0.079567
0.026980
0.262970
0.222831
0.125608
0.636638
0.951604
0.611662
0.266015
0.849348
0.973598
0.048490
0.076604
0.087746
0.687738
0.305409
0.108404
0.027785
0.049727
0.910652
0.162754
0.614626
0.564680
0.171021
0.691759
0.028900
0.395282
0.475828
0.418285
0.641430
0.352686
0.497852
0.668410
0.615657
0.720683
0.794017
0.252294
0.672287
0.405680
0.518309
0.521635
0.379278
0.566800
0.598239
0.467024
0.254537
0.903648
0.575429
0.282323
0.953375
0.486081
0.445077
0.568000
0.050761
0.616098
0.259759
0.079661
0.011380
0.735587
0.497946
0.652810
0.088274
0.995798
0.321220
0.703930
0.716481
0.115237
0.956225
0.388768
0.520917
0.474534
0.910403
0.900196
0.041334
0.508642
0.367220
0.295871
0.412290
0.942648
0.578193
0.365666
0.428730
0.023270
0.933666
0.479491
0.639369
0.193426
0.559151
0.650749
0.929014
0.057097
0.303559
0.017287
0.052895
0.624779
0.721217
0.769376
0.740016
0.677442
0.158144
0.260933
0.151976
0.068547
0.161129
0.193310
0.577189
0.528349
0.489180
0.989479
0.470997
0.067374
0.355144
0.899726
0.090644
0.288811
0.379217
0.730012
0.482237
0.938368
0.380762
0.411250
0.995465
0.684320
0.428537
0.048361
0.309099
0.149754
0.817737
0.049115
0.827197
0.975881
0.310049
0.979172
0.044427
0.471178
0.172482
0.621615
0.999526
0.661662
0.611094
0.470523
0.729036
0.966239
0.370249
0.819680
0.255050
0.749466
0.549693
0.737286
0.687835
0.930455
0.148536
0.683300
0.614775
0.577073
0.731660
0.923874
0.726828
0.549397
0.972989
0.554024
0.525277
0.283038
0.533196
0.569704
0.754216
0.705678
0.191320
0.753742
0.367341
0.802414
0.224265
0.096377
0.768653
0.594514
0.916057
0.023702
0.343980
0.465750
0.760989
0.031815
0.396204
0.909524
0.715114
0.010979
0.486597
0.446775
0.934853
0.213425
0.996171
0.907842
0.767449
0.521449
0.190880
0.300645
0.091153
0.945097
0.006323
0.282472
0.698838
0.373664
0.084886
0.923103
0.470040
0.853538
0.517617
0.386097
0.877241
0.861598
0.851847
0.638229
0.893412
0.248051
0.547753
0.608526
0.259030
0.034351
0.055301
0.193882
0.247776
0.051473
0.101725
0.015225
0.572921
0.292605
0.315870
0.664074
0.237701
0.322193
0.946547
0.936539
0.695857
0.031433
0.859643
0.165898
0.884971
0.377260
0.551995
0.762212
0.238858
0.403842
0.400441
0.132270
0.651894
0.948193
0.740797
0.910923
0.982544
0.796098
0.104806
0.230320
0.847571
0.206530
0.245545
0.420492
0.499135
0.561414
0.084566
0.736837
0.883608
0.031113
0.673376
0.579466
0.062545
0.533019
0.745364
0.947516
0.910278
0.297358
0.709728
0.149136
0.701201
0.110169
0.281406
0.353094
0.058362
0.022203
0.264017
0.040906
0.818300
0.368822
0.271226
0.665871
0.575353
0.516771
0.086363
0.074488
0.078185
0.170929
0.811324
0.961793
0.202042
0.484700
0.541259
0.264587
0.017719
0.286622
0.212103
0.927998
0.583981
0.921831
0.077134
0.285181
0.032000
0.358540
0.638275
0.090362
0.380742
0.902292
0.131269
0.199043
0.271115
0.402495
0.864913
0.846468
0.919266
0.951276
0.920955
0.997451
0.122206
0.732280
0.959245
0.324248
0.216980
0.500503
0.588835
0.234698
0.787125
0.800938
0.162696
0.371106
0.722769
0.239829
0.656287
0.754769
0.598369
0.294563
0.845132
0.979111
0.196855
0.976401
0.178154
0.467970
0.378896
0.043067
0.314437
0.298162
0.994344
0.235392
0.295613
0.116549
0.967672
0.254857
0.440796
0.184652
0.755361
0.029631
0.419351
0.542486
0.830569
0.582046
0.913592
0.553338
0.821876
0.569880
0.308108
0.420244
0.864442
0.153240
0.399356
0.061297
0.129641
0.577509
0.529267
0.508536
0.620576
0.843704
0.806698
0.614920
0.079096
0.102311
0.731469
0.046768
0.357168
0.172266
0.231420
0.112529
0.201897
0.650771
0.655015
0.032466
0.232817
0.568607
0.585804
0.054692
0.138486
0.893912
0.474937
0.002928
0.047151
0.874292
0.064225
0.176792
0.451801
0.593492
0.685328
0.072378
0.437195
0.492026
0.687298
0.516291
0.594337
0.418767
0.563059
0.951505
0.591033
0.794480
0.064034
0.792929
0.445251
0.719049
0.825396
0.678068
0.287656
0.411200
0.732760
0.426142
0.305111
0.207697
0.429071
0.352263
0.081989
0.493296
0.529055
0.533790
0.086787
0.214383
0.606168
0.523982
0.706410
0.293466
0.040273
0.300747
0.712232
0.603332
0.252252
0.303265
0.397812
0.316287
0.096195
0.843063
0.035336
0.921591
0.521130
0.322992
0.332791
0.253890
0.749134
0.637902
0.461587
0.178205
0.990165
0.543575
0.671501
0.519220
0.077366
0.758288
0.733603
0.683533
0.282270
0.440013
0.976999
0.322543
0.740760
0.689232
0.925876
0.993012
0.992497
0.323688
0.309299
0.088692
0.166751
0.344634
0.010283
0.687881
0.667626
0.343074
0.941771
0.416760
0.980975
0.403358
0.594965
0.971141
0.946934
0.266466
0.490361
0.024299
0.024754
0.223964
0.707832
0.307023
0.663976
0.684832
0.629567
0.404736
0.374063
0.555443
0.397747
0.366560
0.879130
0.707046
0.455252
0.045881
0.051680
0.465535
0.733762
0.719307
0.808609
0.675533
0.136067
0.789584
0.078891
0.731033
0.760725
0.025825
0.997498
0.251085
0.050124
0.022252
0.475049
0.757957
0.329275
0.139025
0.442788
0.958842
0.543761
0.816851
0.514284
0.941508
0.183411
0.393415
0.648554
0.638663
0.439296
0.700235
0.104198
0.173059
0.419541
0.912807
0.848592
0.555609
0.702391
0.927484
0.286641
0.463116
0.953308
0.284140
0.714202
0.003432
0.306392
0.189251
0.761389
0.635667
0.328276
0.204177
0.594509
0.872037
0.021028
0.108794
0.813545
0.204440
0.502209
0.462100
0.843103
0.941505
0.162334
0.947301
0.114564
0.581875
0.860109
0.963156
0.137484
0.562500
0.890639
0.424126
0.025616
0.843947
0.708266
0.739818
0.847379
0.014657
0.929069
0.608768
0.650324
0.257345
0.812945
0.244833
0.129383
0.833974
0.353627
0.942928
0.038413
0.855836
0.405028
0.881517
0.797341
0.567362
0.828819
0.911905
0.149237
0.688927
0.875061
0.286721
0.251427
0.765699
0.710847
0.277043
0.609646
0.419113
0.016862
0.457026
0.433770
0.945931
0.065794
0.084095
0.203276
0.878739
0.328928
0.332659
0.712713
0.682555
0.275587
0.751126
0.538392
0.680615
0.632642
0.335733
0.247976
0.461461
0.247637
0.397213
0.150388
0.122698
0.683935
0.401815
0.888397
0.394782
0.678858
0.498043
0.813895
0.695720
0.955069
0.247665
0.641651
0.020862
0.331760
0.844927
0.899601
0.660688
0.177586
0.612314
0.343243
0.453173
0.363440
0.881634
0.133787
0.996083
0.217367
0.381763
0.457543
0.465005
0.778977
0.607931
0.587702
0.462912
0.009746
0.476099
0.857694
0.688604
0.974142
0.671589
0.384324
0.929211
0.919255
0.025974
0.950073
0.251014
0.870901
0.849674
0.911702
0.048487
0.461989
0.254945
0.501660
0.825429
0.136580
0.635448
0.821511
0.353947
0.017211
0.279055
0.818951
0.796188
0.886986
0.406654
0.259100
0.896731
0.882753
0.116794
0.585336
0.856895
0.788383
0.969660
0.786106
0.707638
0.995634
0.736180
0.958652
0.866536
0.585854
0.870353
0.915022
0.047844
0.125299
0.416683
0.873272
0.261878
0.052131
0.694783
0.615825
0.069342
0.973838
0.434777
0.865530
0.860824
0.841430
0.124630
0.757556
0.724183
0.241425
0.342891
0.581079
0.029808
0.312551
0.367185
0.737446
0.308185
0.103365
0.696098
0.174720
0.689219
0.566451
0.089742
0.737063
0.691750
0.506425
0.610335
0.953629
0.558556
0.305119
0.569454
0.627898
0.278957
0.004230
0.493428
0.139781
0.845661
0.618058
0.897337
0.569844
0.859482
0.240228
0.150922
0.889291
0.552778
0.518107
0.626737
0.860964
0.621472
0.322834
0.035683
0.310691
0.889285
0.125426
0.047754
0.581036
0.631851
0.658089
0.534664
0.190407
0.963208
0.104118
0.818304
0.242165
0.108348
0.311732
0.381946
0.954008
0.929790
0.279282
0.523852
0.789273
0.519510
0.674774
0.678564
0.072289
0.192882
0.305300
0.933252
0.814353
0.628134
0.968935
0.125045
0.517419
0.094361
0.172799
0.098455
0.726211
0.830887
0.633119
0.916618
0.794095
0.737236
0.734923
0.036260
0.845585
0.046654
0.418206
0.799593
0.976445
0.697488
0.323445
0.765717
0.216998
0.998220
0.444281
0.289286
0.191101
0.749581
0.222538
0.005455
0.377715
0.191473
0.130499
0.895134
0.285834
0.303298
0.993589
0.012046
0.134185
0.626708
0.928664
0.928281
0.363944
0.663587
0.964541
0.209528
0.710241
0.382746
0.009121
0.686685
0.080234
0.332566
0.452403
0.297232
0.330786
0.896684
0.586519
0.521887
0.646265
0.809057
0.527342
0.023980
0.000531
0.657841
0.919114
0.286365
0.961139
0.912703
0.298411
0.095324
0.539410
0.227075
0.023605
0.903354
0.890661
0.988146
0.112882
0.600902
0.370892
0.122003
0.287588
0.451126
0.454570
0.739991
0.748358
0.785355
0.636676
0.334877
0.307242
0.282941
0.143934
0.834584
0.306920
0.144464
0.492425
0.226034
0.430829
0.453564
0.138737
0.729240
0.548888
0.678147
0.956315
0.572493
0.581501
0.846976
0.560638
0.694383
0.447878
0.931531
0.816387
0.735467
0.382656
0.270956
0.475458
0.131014
0.056312
0.112133
0.465891
0.363554
0.395074
0.609825
0.198138
0.701994
0.754289
0.690564
0.928028
0.185118
0.144128
0.066765
0.914358
0.693016
0.744912
0.870673
0.265510
0.326413
0.717649
0.826148
0.020797
0.165527
0.757679
0.837183
0.900993
0.140335
0.108140
0.376451
0.271349
0.164452
0.488584
0.737241
0.528006
0.883658
0.347065
0.726145
0.585652
0.101354
0.416708
0.513680
0.286472
0.560836
0.580446
0.200831
0.253852
0.325358
0.071503
0.519362
0.651771
0.789151
0.345510
0.672568
0.954678
0.103189
0.509751
0.855671
0.243524
0.617892
0.232122
0.514873
0.782344
0.720707
0.252113
0.310350
0.604364
0.599178
0.036494
0.190016
0.700533
0.453203
0.703697
0.987005
0.014039
0.284142
0.187836
0.267892
0.609500
0.259339
0.787253
0.261271
0.048490
0.132764
0.933839
0.003169
0.235953
0.443591
0.858840
0.479477
0.061482
0.090962
0.994350
0.843826
0.811669
0.246464
0.154176
0.416033
0.845642
0.190670
0.606049
0.546175
0.643874
0.309745
0.533180
0.657912
0.593887
0.721015
0.925804
0.203387
0.980354
0.713057
0.464658
0.028844
0.845821
0.398497
0.032013
0.081774
0.842088
0.890853
0.561250
0.903570
0.981815
0.555601
0.747396
0.793484
0.802064
0.901572
0.209517
0.647706
0.092242
0.815566
0.193881
0.736116
0.125311
0.727060
0.394028
0.719198
0.448076
0.319831
0.922586
0.428430
0.032889
0.387243
0.457274
0.878710
0.785740
0.489287
0.960484
0.627827
0.380139
0.521735
0.531397
0.361954
0.077335
0.278793
0.155439
0.879399
0.180365
0.364956
0.527106
0.272608
0.180522
0.720986
0.008723
0.305834
0.448047
0.402751
0.025032
0.896123
0.722583
0.947618
0.324552
0.755472
0.334861
0.781826
0.634182
0.120601
0.271113
0.594666
0.748428
0.651252
0.116401
0.279826
0.013207
0.193736
0.558619
0.168645
0.073135
0.738984
0.533601
0.600241
0.011592
0.714124
0.321227
0.020316
0.019957
0.769274
0.423067
0.044989
0.665397
0.145650
0.992606
0.989950
0.901122
0.327467
0.771776
0.535304
0.448068
0.042889
0.129970
0.196496
0.694140
0.246370
0.476322
0.707347
0.440106
0.034940
0.875992
0.513241
0.773924
0.409594
0.113482
0.785516
0.123717
0.434710
0.805832
0.143674
0.203984
0.228899
0.188663
0.869382
0.374549
0.181270
0.859331
0.275671
0.508738
0.631107
0.810975
0.956806
0.673995
0.940945
0.153302
0.368136
0.187315
0.629623
0.075483
0.627421
0.664563
0.951476
0.140663
0.438488
0.361069
0.254145
0.224005
0.484787
0.688855
0.029837
0.628461
0.892839
0.258737
0.817124
0.762221
0.633286
0.998394
0.621552
0.908957
0.507132
0.252659
0.719932
0.463938
0.926654
0.660877
0.617239
0.294790
0.848192
0.246862
0.370273
0.475613
0.911426
0.321749
0.616276
0.349914
0.682818
0.870421
0.573920
0.167605
0.559276
0.603757
0.796065
0.452116
0.862493
0.613190
0.214337
0.495780
0.611584
0.835889
0.404737
0.118716
0.088547
0.124669
0.582654
0.015201
0.785546
0.199893
0.309991
0.633738
0.446755
0.680264
0.109352
0.358182
0.002013
0.725628
0.708096
0.684830
0.596049
0.282015
0.852435
0.155325
0.885772
0.648501
0.607441
0.748265
0.261691
0.821777
0.244044
0.873275
0.657665
0.648781
0.991991
0.746212
0.773450
0.574645
0.761413
0.558996
0.774538
0.071404
0.192734
0.221293
0.751668
0.302086
0.579475
0.753681
0.027714
0.287571
0.438512
0.623763
0.569586
0.290947
0.779088
0.455358
0.939448
0.386529
0.203623
0.201138
0.208306
0.447667
0.074413
0.865972
0.096448
0.066405
0.612185
0.869898
0.641050
0.373598
0.428894
0.415588
0.445003
0.621628
0.636881
0.196671
0.923714
0.216355
0.950352
0.951427
0.503926
0.388863
0.575190
0.073512
0.679810
0.354278
0.528869
0.619258
0.740807
0.732492
0.820396
0.949113
0.180160
0.894809
0.815085
0.276608
0.961214
0.427270
0.146506
0.602264
0.800868
0.575400
0.017851
0.245870
0.197028
0.654732
0.442541
0.120742
0.871087
0.392893
0.072169
0.375013
0.781756
0.647359
0.448525
0.461566
0.001637
0.977394
0.080823
0.742444
0.709887
0.901219
0.691557
0.890046
0.796028
0.506642
0.166654
0.757242
0.933912
0.313160
0.359505
0.734779
0.888560
0.377356
0.980650
0.085588
0.032088
0.423191
0.206331
0.903175
0.816084
0.278500
0.278188
0.597839
0.925859
0.726713
0.059405
0.927497
0.704107
0.140228
0.669940
0.413994
0.041446
0.361498
0.304040
0.837474
0.868139
0.470695
0.594716
0.802051
0.783854
0.954221
0.536831
0.672415
0.331577
0.517481
0.758003
0.363665
0.940673
0.964334
0.266839
0.756756
0.242833
0.545027
0.354596
0.168692
0.271740
0.414001
0.096189
0.975847
0.554229
0.766130
0.389841
0.595675
0.127627
0.693882
0.433149
0.995766
0.164576
0.027865
0.797818
0.948430
0.982085
0.334649
0.620845
0.313663
0.852130
0.378848
0.677327
0.792803
0.343181
0.944166
0.549559
0.586014
0.489194
0.904155
0.754707
0.760934
0.318155
0.850895
0.736781
0.872384
0.617025
0.126622
0.468058
0.744651
0.820503
0.901207
0.740418
0.985078
0.929072
0.538236
0.933509
0.911158
0.872885
0.554353
0.224820
0.725014
0.933201
0.902148
0.517817
0.276382
0.846314
0.067375
0.862396
0.335508
0.971529
0.617103
0.096441
0.289684
0.467999
0.833222
0.162068
0.085023
0.959844
0.630126
0.829675
0.780347
0.531333
0.570093
0.765425
0.460405
0.108328
0.698933
0.371563
0.981213
0.253287
0.596383
0.706227
0.186487
0.498531
0.224043
0.462869
0.344845
0.291418
0.325265
0.680353
0.262947
0.942367
0.776794
0.552631
0.410366
0.610016
0.714699
0.495389
0.569860
0.344825
0.325065
0.350206
0.876158
0.895157
0.115631
0.336563
0.003486
0.814564
0.708126
0.984698
0.067851
0.304509
0.690925
0.254338
0.803041
0.914968
0.717207
0.147885
0.206387
0.042472
0.828239
0.469334
0.984839
0.605033
0.021966
0.395206
0.215050
0.736665
0.890595
0.784909
0.081490
0.215660
0.135115
0.957648
0.110818
0.250747
0.294211
0.114303
0.065311
0.002337
0.099002
0.133162
0.306846
0.789927
0.387500
0.109886
0.704895
0.104707
0.257772
0.911282
0.147179
0.086010
0.380616
0.132019
0.691044
0.402582
0.527224
0.906093
0.139247
0.417820
0.691002
0.220737
0.633480
0.826118
0.178384
0.744297
0.076864
0.472595
0.858601
0.142175
0.474932
0.957602
0.275338
0.781778
0.747529
0.662838
0.891664
0.452424
0.767545
0.149436
0.363705
0.914725
0.235446
0.744321
0.046743
0.926490
0.146903
0.573967
0.832582
0.286149
0.991787
0.523585
0.506886
0.625267
0.349702
0.685271
0.369564
0.426567
0.157866
0.228165
0.568742
0.632798
0.185767
0.844080
0.414576
0.933296
0.506918
0.306240
0.385719
0.274463
0.455676
0.749425
0.189187
0.691122
0.493746
0.235930
0.617612
0.640649
0.809898
0.450194
0.926799
0.801685
0.973779
0.433684
0.426952
0.323481
0.118955
0.796516
0.750048
0.276822
0.024681
0.318790
0.909619
0.210448
0.162870
0.324196
0.143743
0.669787
0.630436
0.529463
0.944250
0.086113
0.278888
0.133437
0.777235
0.772634
0.369368
0.394847
0.413282
0.179265
0.845041
0.340081
0.980950
0.818820
0.773766
0.407902
0.142301
0.892721
0.204418
0.892349
0.169543
0.229098
0.211139
0.079162
0.439546
0.374009
0.403359
0.583289
0.043796
0.033795
0.112752
0.988046
0.119908
0.391640
0.121483
0.897142
0.164274
0.490851
0.291989
0.577557
0.670116
0.137030
0.917637
0.651066
0.955849
0.691403
0.058968
0.098151
0.584124
0.263385
0.990499
0.753667
0.492484
0.201639
0.832829
0.932029
0.575648
0.236188
0.515319
0.619444
0.269983
0.628071
0.607490
0.389891
0.019711
0.728973
0.287033
0.183985
0.219824
0.579022
0.761541
0.889940
0.716052
0.679178
0.541006
0.671901
0.370581
0.599974
0.770051
0.954706
0.863359
0.760551
0.708372
0.355843
0.962190
0.541201
0.287872
0.537838
0.777389
0.803191
0.157282
0.047372
0.431262
0.764772
0.437263
0.450973
0.493745
0.724296
0.634958
0.713569
0.303318
0.396499
0.603510
0.019369
0.075677
0.144516
0.691270
0.446258
0.744490
0.461322
0.400964
0.607849
0.221873
0.109336
0.963692
0.184063
0.650538
0.251563
0.721900
0.427927
0.054754
0.879182
0.475299
0.486016
0.643954
0.912561
0.936990
0.137699
0.636858
0.571948
0.851268
0.940175
0.968447
0.454778
0.959544
0.044123
0.599294
0.650814
0.490382
0.343784
0.112136
0.891346
0.951633
0.334008
0.000682
0.915324
0.518072
0.651219
0.166887
0.239972
0.079146
0.221642
0.119154
0.554445
0.707658
0.763109
0.467007
0.644647
0.900807
0.103864
0.216595
0.752076
0.044039
0.185041
0.206854
0.003583
0.229164
0.806148
0.654398
0.719546
0.149931
0.766533
0.610891
0.101564
0.100542
0.611574
0.016887
0.618613
0.262793
0.183775
0.858586
0.341939
0.405416
0.977740
0.896383
0.113074
0.740848
0.363390
0.757722
0.641656
0.467254
0.974317
0.393732
0.511293
0.159358
0.600586
0.514876
0.388522
0.406733
0.169274
0.108068
0.556664
0.935807
0.718959
0.658228
0.036349
0.330533
0.675116
0.654962
0.593326
0.858890
0.513547
0.935263
0.264307
0.491287
0.831647
0.377381
0.232135
0.195037
0.135103
0.873791
0.662291
0.109420
0.267522
0.173584
0.268778
0.868108
0.688460
0.657299
0.274841
0.857733
0.765367
0.831506
0.793540
0.484326
0.489734
0.829889
0.814859
0.164850
0.484852
0.408184
0.023740
0.998399
0.343448
0.288047
0.489686
0.175095
0.665428
0.721821
0.370133
0.800531
0.595612
0.032423
0.909951
0.863134
0.206007
0.178728
0.731242
0.894467
0.836027
0.006084
0.752201
0.601395
0.837590
0.545741
0.085721
0.327323
0.375631
0.900579
0.492173
0.860483
0.308764
0.515913
0.858882
0.652212
0.803960
0.348567
0.827307
0.469387
0.070388
0.197440
0.269918
0.666000
0.229863
0.179869
0.529134
0.435870
0.358597
0.260376
0.330337
0.194624
0.266460
0.082538
0.796018
0.104049
0.628279
0.881739
0.431372
0.003910
0.782319
0.923545
0.864393
0.091082
0.439458
0.723274
0.743294
0.243418
0.071841
0.570601
0.712805
0.142229
0.768041
0.982723
0.808229
0.997904
0.162592
0.337363
0.433774
0.521188
0.597738
0.764111
0.715813
0.864197
0.846649
0.511831
0.968247
0.474929
0.393570
0.399619
0.478838
0.175889
0.323164
0.343231
0.266971
0.762622
0.066505
0.010265
0.006040
0.138346
0.580867
0.718845
0.280575
0.348908
0.701568
0.088804
0.346811
0.864159
0.426166
0.780585
0.385347
0.023904
0.544697
0.101160
0.888102
0.391346
0.612990
0.856349
0.866275
0.006561
0.255968
0.345114
0.182449
0.579132
0.688344
0.449421
0.341754
0.754849
0.459686
0.347794
0.893195
0.040553
0.066638
0.173770
0.389460
0.768206
0.262574
0.736272
0.632365
0.688740
0.516858
0.017712
0.712644
0.061555
0.118872
0.600746
0.452901
0.731862
0.457095
0.319176
0.738423
0.713063
0.664290
0.920872
0.292194
0.352635
0.370293
0.633948
0.107484
0.829979
0.981742
0.000680
0.870532
0.048381
0.174450
0.259992
0.816586
0.437024
0.996263
0.448951
0.125763
0.513121
0.466663
0.838407
0.574675
0.585535
0.439153
0.027577
0.317398
0.896248
0.346753
0.055821
0.609311
0.011043
0.976694
0.901505
0.363678
0.346987
0.535454
0.471162
0.176966
0.517196
0.471842
0.047497
0.565576
0.646291
0.307489
0.382163
0.083315
0.303753
0.831114
0.209078
0.816874
0.297777
0.047485
0.391549
0.883313
0.486638
0.419126
0.200711
0.382886
0.765879
0.256532
0.992197
0.776922
0.233226
0.893702
0.140600
0.580212
0.429155
0.611761
0.757178
0.946352
0.083603
0.804676
0.511928
0.729894
0.112164
0.894090
0.813209
0.415917
0.725204
0.022287
0.232790
0.022982
0.069771
0.624339
0.906294
0.556409
0.043465
0.107005
0.939296
0.809344
0.363537
0.931493
0.586266
0.596763
0.825195
0.726866
0.176975
0.254351
0.338627
0.934153
0.200702
0.422230
0.738829
0.712629
0.152124
0.850993
0.606720
0.965333
0.266910
0.331924
0.987619
0.499701
0.354906
0.057391
0.124040
0.261200
0.613801
0.167506
0.368206
0.553096
0.976850
0.731743
0.484589
0.563116
0.328506
0.309784
0.289982
0.505481
0.564135
0.628610
0.439634
0.764837
0.050840
0.178463
0.477466
0.202964
0.029456
0.084186
0.168297
0.296366
0.416109
0.155917
0.796067
0.771015
0.213308
0.920107
0.032215
0.827109
0.087613
0.400421
0.380205
0.064463
0.132164
0.864795
0.627579
0.460670
0.174579
0.917560
0.966151
0.738714
0.546170
0.405785
0.503550
0.597010
0.584248
0.981016
0.799973
0.613704
0.065201
0.968270
0.910071
0.481311
0.124187
0.706138
0.252326
0.337495
0.626245
0.284542
0.164604
0.713857
0.684963
0.544809
0.778320
0.817127
0.409604
0.405899
0.277797
0.584182
0.323460
0.243948
0.322896
0.869630
0.649733
0.826446
0.466640
0.233981
0.807461
0.266613
0.847685
0.872663
0.234884
0.757756
0.353974
0.359071
0.463893
0.606300
0.696566
0.090138
0.890841
0.861170
0.803996
0.575804
0.405979
0.582316
0.392931
0.815583
0.988215
0.670728
0.399765
0.311675
0.914675
0.722661
0.181305
0.564409
0.549107
0.647945
0.798390
0.356568
0.914557
0.646075
0.229231
0.149441
0.403831
0.583205
0.508512
0.867725
0.189505
0.205078
0.957863
0.080346
0.066248
0.761859
0.656150
0.472228
0.344175
0.049081
0.287811
0.332390
0.719809
0.687576
0.644065
0.634485
0.410237
0.825370
0.198893
0.959344
0.473316
0.997284
0.315912
0.387873
0.643359
0.545143
0.537314
0.047190
0.128348
0.045827
0.914914
0.317852
0.250905
0.872777
0.398198
0.317154
0.634635
0.054348
0.789381
0.978810
0.103429
0.077191
0.311200
0.823238
0.764767
0.955265
0.457723
0.175004
0.780637
0.656616
0.134348
0.253952
0.653899
0.450260
0.641825
0.297258
0.995403
0.179140
0.344448
0.123750
0.224966
0.259362
0.441603
0.475872
0.132139
0.839801
0.793025
0.766775
0.894150
0.582406
0.745584
0.997579
0.659598
0.056785
0.820817
0.424365
0.012051
0.278540
0.599369
0.792688
0.935156
0.733717
0.046640
0.589055
0.183976
0.688465
0.886313
0.179379
0.867605
0.230761
0.303129
0.092571
0.490124
0.744732
0.568443
0.622263
0.584533
0.361468
0.389038
0.478682
0.943875
0.134622
0.476261
0.603472
0.191407
0.297078
0.027837
0.203458
0.575617
0.627206
0.996145
0.510773
0.360923
0.042785
0.099828
0.544899
0.731250
0.986142
0.724277
0.598855
0.216903
0.027406
0.691426
0.707027
0.772138
0.259869
0.329290
0.356671
0.621337
0.718328
0.835353
0.565211
0.852950
0.311614
0.168683
0.044357
0.608693
0.196520
0.247815
0.184310
0.823726
0.243961
0.695084
0.184649
0.286746
0.794912
0.729547
0.017996
0.781054
0.453825
0.616851
0.997957
0.481231
0.308277
0.704984
0.253369
0.568146
0.034274
0.610040
0.189483
0.752602
0.445394
0.754695
0.605552
0.757008
0.923378
0.649910
0.365700
0.119898
0.897725
0.550011
0.943624
0.141686
0.245094
0.128272
0.428432
0.040006
0.857819
0.446428
0.821060
0.311644
0.063279
0.819017
0.792876
0.371556
0.524001
0.046245
0.939702
0.558275
0.656285
0.129186
0.310877
0.101679
0.883880
0.916430
0.858687
0.807258
0.566339
0.224387
0.927155
0.464064
0.774397
0.870779
0.605750
0.019492
0.999050
0.034182
0.059498
0.856870
0.480610
0.880558
0.168514
0.543889
0.699575
0.961390
0.915445
0.223576
0.007635
0.855148
0.781851
0.663920
0.984333
0.092729
0.765599
0.868213
0.009158
0.624285
0.675471
0.575497
0.848672
0.602626
0.039561
0.623070
0.473405
0.645311
0.642562
0.472455
0.679493
0.702060
0.329325
0.160103
0.582619
0.497839
0.703991
0.282194
0.459229
0.619437
0.505770
0.466864
0.474584
0.287621
0.130784
0.458917
0.380350
0.896383
0.327131
0.389508
0.520668
0.002602
0.965006
0.369340
0.605227
0.004567
0.992410
0.078632
0.649878
0.634972
0.551087
0.329371
0.337032
0.880412
0.489474
0.919651
0.378252
0.193466
0.201845
0.837482
0.812903
0.707615
0.304345
0.287487
0.995236
0.435130
0.746405
0.375586
0.331512
0.073535
0.765094
0.852180
0.076137
0.730100
0.221520
0.681364
0.734667
0.213930
0.759997
0.384545
0.848902
0.311084
0.713916
0.185934
0.191496
0.203390
0.105585
0.569748
0.396855
0.307430
0.407230
0.209758
0.015045
0.711575
0.497245
0.010281
0.146705
0.243649
0.385867
0.478217
0.317185
0.150961
0.330397
0.393322
0.881061
0.551918
0.074686
0.615728
0.765848
0.834682
0.000273
0.614750
0.145767
0.714189
0.800684
0.337263
0.917579
0.906269
0.907011
0.314433
0.213699
0.314240
0.524191
0.228743
0.025815
0.021436
0.239024
0.172520
0.265085
0.624891
0.650737
0.582270
0.775852
0.981134
0.975592
0.656913
0.533052
0.050278
0.272641
0.298900
0.884961
0.272914
0.913650
0.030727
0.987103
0.714333
0.367990
0.904682
0.620602
0.275001
0.219115
0.834301
0.589242
0.743306
0.063044
0.615057
0.764742
0.302068
0.787577
0.029827
0.926959
0.438314
0.612097
0.702811
0.419449
0.587689
0.359725
0.952501
0.637967
0.632367
0.251401
0.522928
0.905281
0.165050
0.553656
0.892384
0.879384
0.921646
0.797066
0.499986
0.196647
0.016180
0.334287
0.785888
0.759486
0.397331
0.400945
0.524228
0.699400
0.188522
0.554056
0.626359
0.626836
0.166153
0.329170
0.046285
0.753842
0.688895
0.998786
0.391809
0.321261
0.250187
0.914738
0.226542
0.415237
0.468393
0.118926
0.294621
0.390039
0.915992
0.794607
0.586686
0.932172
0.128894
0.372574
0.691658
0.526225
0.773519
0.215887
0.225624
0.962041
0.769943
0.851983
0.588877
0.936095
0.181153
0.635161
0.689937
0.870049
0.633948
0.081746
0.191310
0.884135
0.996483
0.417852
0.299371
0.464876
0.536778
0.593992
0.854914
0.452770
0.388599
0.441600
0.384942
0.517493
0.814174
0.076601
0.043718
0.587693
0.292488
0.269342
0.549733
0.062430
0.121325
0.138610
0.998526
0.302479
0.773772
0.688463
0.172527
0.407720
0.770209
0.363837
0.291854
0.766691
0.781689
0.591225
0.231568
0.318468
0.185217
0.086482
0.771237
0.573816
0.528082
0.156180
0.091309
0.342256
0.232780
0.135027
0.929949
0.525268
0.404369
0.479682
0.587698
0.525694
0.618293
0.586224
0.828172
0.392065
0.274686
0.000699
0.799785
0.044895
0.364537
0.091639
0.811587
0.146226
0.682864
0.043154
0.464694
0.868082
0.129636
0.235931
0.441899
0.657719
0.392111
0.533208
0.999975
0.624892
0.668235
0.929924
0.150159
0.072603
0.409607
0.737857
0.598297
0.027900
0.324081
0.426469
0.419966
0.598767
0.427169
0.219751
0.643662
0.791705
0.311390
0.455249
0.937932
0.994255
0.498403
0.402626
0.862337
0.628040
0.638557
0.304235
0.285759
0.030668
0.837443
0.285734
0.655560
0.505678
0.215659
0.805718
0.578281
0.625266
0.543576
0.176578
0.653166
0.867658
0.603047
0.073132
0.466425
0.030216
0.292882
0.110088
0.821922
0.604273
0.565337
0.759853
0.598527
0.063740
0.162479
0.460864
0.691780
0.801036
0.765100
0.977539
0.831705
0.602543
0.263273
0.487264
0.108221
0.478932
0.292983
0.686501
0.104197
0.836559
0.863079
0.757363
0.704216
0.466127
0.830495
0.170642
0.496343
0.123378
0.280729
0.318265
0.727650
0.846067
0.078118
0.326178
0.909807
0.240597
0.787042
0.601586
0.041634
0.552142
0.579126
0.873338
0.154685
0.842399
0.360602
0.262905
0.321330
0.653584
0.949407
0.425528
0.490143
0.812486
0.182891
0.194359
0.278613
0.013386
0.365001
0.774956
0.136764
0.645731
0.093221
0.864414
0.491797
0.171339
0.190592
0.401604
0.411937
0.977634
0.003190
0.453570
0.529776
0.582316
0.326908
0.684461
0.424715
0.687510
0.947366
0.746045
0.341094
0.896773
0.171573
0.831237
0.709259
0.354464
0.025596
0.987871
0.367850
0.390597
0.762827
0.504614
0.036328
0.856048
0.369029
0.528125
0.027387
0.559621
0.929729
0.439324
0.537255
0.932919
0.892894
0.067032
0.515236
0.219802
0.751493
0.939950
0.907312
0.698858
0.685995
0.248406
0.595630
0.857568
0.079643
0.304889
0.212032
0.105239
0.292760
0.579882
0.495836
0.055587
0.084496
0.532164
0.911635
0.453525
0.060289
0.939022
0.013146
0.990018
0.378346
0.550402
0.922937
0.271240
0.617433
0.438173
0.491042
0.368925
0.378123
0.398354
0.067783
0.064118
0.646759
0.663413
0.921686
0.726402
0.968302
0.133717
0.831641
0.261062
0.713599
0.327477
0.316649
0.798095
0.859641
0.228284
0.251620
0.919931
0.167306
0.264766
0.909949
0.545652
0.815167
0.832886
0.816891
0.432600
0.271059
0.307934
0.801525
0.649182
0.706287
0.869309
0.713300
0.353047
0.532722
0.634986
0.079448
0.501024
0.768703
0.911089
0.762087
0.482302
0.238566
0.078736
0.280397
0.098207
0.307020
0.532017
0.018138
0.474326
0.796782
0.928086
0.019977
0.611950
0.760973
0.836869
0.044550
0.032031
0.144802
0.846075
0.681213
0.851089
0.715384
0.394513
0.204136
0.248106
0.029499
0.283585
0.749131
0.798202
0.194674
0.511217
0.280504
0.433239
0.589953
0.560900
0.531446
0.896973
0.092917
0.549584
0.371298
0.889699
0.477671
0.391275
0.501649
0.238643
0.228144
0.546199
0.270674
0.372947
0.392274
0.951888
0.224036
0.107658
0.346401
0.428173
0.355764
0.375900
0.711757
0.104894
0.174102
0.906430
0.616111
0.454605
0.339670
0.206064
0.015506
0.871117
0.103036
0.108422
0.420701
0.474334
0.998122
0.898371
0.865609
0.499771
0.137014
0.093753
0.045970
0.407688
0.466700
0.438245
0.359576
0.690736
0.545903
0.705977
0.118908
0.901667
0.081877
0.830666
0.006561
0.255979
0.737096
0.622673
0.710584
0.076766
0.828737
0.726089
0.947883
0.931772
0.834512
0.368584
0.406106
0.832634
0.266955
0.271715
0.332405
0.403969
0.365468
0.378375
0.811657
0.832168
0.816620
0.171232
0.522904
0.362523
0.877209
0.641813
0.264190
0.959087
0.472478
0.270751
0.215065
0.209574
0.893423
0.925649
0.286341
0.722160
0.651738
0.234224
0.653933
0.486250
0.602808
0.060039
0.318884
0.869763
0.331754
0.651290
0.273731
0.697222
0.029665
0.085388
0.529390
0.846284
0.256620
0.052294
0.208807
0.133829
0.694106
0.472997
0.092916
0.166584
0.743748
0.307980
0.376159
0.637171
0.233629
0.662500
0.359331
0.885368
0.896723
0.013264
0.371618
0.499531
0.073302
0.690502
0.369293
0.405056
0.341792
0.643024
0.102278
0.371456
0.728412
0.631668
0.217741
0.985031
0.683961
0.426548
0.118861
0.378068
0.899545
0.211777
0.544652
0.643293
0.519757
0.920811
0.280465
0.753386
0.583311
0.639796
0.638754
0.480034
0.653060
0.010372
0.979565
0.726362
0.700874
0.348858
0.131418
0.042666
0.991881
0.233695
0.414122
0.720293
0.865363
0.631863
0.705325
0.549324
0.058411
0.824185
0.927392
0.957956
0.035962
0.472045
0.601250
0.555719
0.392856
0.881714
0.309106
0.976167
0.521510
0.947859
0.456200
0.174569
0.958231
0.435765
0.900931
0.659105
0.784623
0.032348
0.701770
0.776504
0.266044
0.115893
0.496797
0.131406
0.747756
0.202121
0.680731
0.806166
0.026307
0.608124
0.764123
0.062269
0.080168
0.365373
0.617989
0.473024
0.247087
0.927094
0.449190
0.768597
0.874953
0.905390
0.943166
0.833185
0.341155
0.844096
0.492289
0.125778
0.876444
0.194060
0.902282
0.142488
0.309952
0.399079
0.273894
0.057708
0.601200
0.954626
0.863874
0.627507
0.562749
0.627998
0.689777
0.642917
0.993371
0.307765
0.115941
0.240457
0.234859
0.565131
0.009054
0.109813
0.470521
0.952219
0.942997
0.811677
0.796315
0.435286
0.937455
0.672760
0.629347
0.839737
0.815248
0.939298
0.238816
0.089142
0.997006
0.840016
0.043768
0.860881
0.467524
0.606517
0.488879
0.157301
0.249433
0.482249
0.465066
0.365374
0.722707
0.699925
0.930505
0.731761
0.809738
0.401026
0.683980
0.752735
0.212703
0.480295
0.188022
0.150158
0.153055
0.817369
0.989895
0.968303
0.756667
0.228711
0.057445
0.753674
0.068728
0.101213
0.614554
0.536252
0.707730
0.103433
0.693553
0.957163
0.585683
0.158618
0.322537
0.308390
0.858543
0.253042
0.040150
0.668282
0.654069
0.724130
0.421017
0.866771
0.204426
0.609039
0.016930
0.357481
0.426407
0.006825
0.325785
0.183074
0.235537
0.383230
0.936748
0.304265
0.484443
0.551302
0.840517
0.192173
0.654735
0.534069
0.149336
0.240419
0.692688
0.471873
0.548808
0.551231
0.724914
0.588959
0.219513
0.378983
0.313089
0.640530
0.245755
0.517515
0.249569
0.262685
0.874996
0.675976
0.269510
0.200781
0.859051
0.505047
0.584011
0.795799
0.809312
0.068454
0.347101
0.649829
0.260627
0.001837
0.183898
0.409962
0.242255
0.876586
0.881835
0.791064
0.427817
0.606750
0.380022
0.647330
0.985733
0.693111
0.287860
0.231487
0.210626
0.537429
0.494172
0.085622
0.213406
0.763682
0.286403
0.072457
0.268729
0.870414
0.868256
0.078041
0.938868
0.215357
0.727870
0.199495
0.217194
0.911768
0.609457
0.459449
0.788354
0.491292
0.250513
0.216171
0.098041
0.630535
0.863500
0.083774
0.323646
0.151361
0.315260
0.534272
0.688791
0.809432
0.619894
0.902196
0.573114
0.906298
0.974654
0.841844
0.776712
0.842909
0.919885
0.715580
0.058266
0.647755
0.915074
0.275460
0.559523
0.524531
0.734909
0.347877
0.015824
0.985421
0.564047
0.113865
0.615956
0.427548
0.197638
0.939602
0.578909
0.512899
0.473874
0.267700
0.322331
0.093769
0.169896
0.895445
0.000066
0.144550
0.737289
0.776778
0.987459
0.657173
0.492358
0.045725
0.304928
0.407433
0.321185
0.864451
0.931964
0.056093
0.212328
0.947787
0.041514
0.776375
0.061652
0.657470
0.203924
0.259291
0.597072
0.782833
0.772190
0.070946
0.050533
0.094520
0.164715
0.220429
0.989966
0.164781
0.364979
0.727254
0.941559
0.352438
0.384428
0.433917
0.398163
0.689356
0.841350
0.719348
0.553807
0.773313
0.775441
0.766135
0.721100
0.816955
0.542510
0.782753
0.474426
0.746434
0.042043
0.071498
0.529267
0.814233
0.142444
0.579799
0.908753
0.307159
0.800228
0.898719
0.471940
0.165207
0.625974
0.413499
0.517645
0.010401
0.847416
0.915808
0.699756
0.688766
0.635155
0.253563
0.462079
0.410596
0.019698
0.183180
0.227552
0.562208
0.965933
0.701977
0.308642
0.007976
0.773476
0.837909
0.822209
0.915920
0.417708
0.730963
0.223080
0.217937
0.629682
0.695020
0.383143
0.255655
0.108519
0.900788
0.266056
0.955936
0.816596
0.965812
0.644702
0.451751
0.219376
0.106781
0.862347
0.239074
0.289961
0.089899
0.801281
0.255893
0.791877
0.109924
0.263869
0.565352
0.947832
0.086078
0.481273
0.365541
0.817040
0.704353
0.583477
0.446722
0.399372
0.966621
0.702376
0.507892
0.867409
0.968432
0.463828
0.684004
0.934245
0.108530
0.135755
0.153620
0.215311
0.998103
0.392694
0.505271
0.088002
0.193976
0.761164
0.879879
0.303899
0.025034
0.445231
0.251732
0.111112
0.926504
0.617272
0.928153
0.630856
0.200749
0.374874
0.030229
0.167370
0.077251
0.538120
0.034779
0.045683
0.001948
0.718783
0.979928
0.110478
0.854538
0.133548
0.325789
0.852642
0.526242
0.831060
0.940643
0.720217
0.592225
0.820522
0.024116
0.617259
0.265752
0.275848
0.728371
0.192256
0.893119
0.656523
0.823113
0.093869
0.031398
0.853342
0.261239
0.108649
0.391462
0.296017
0.154332
0.393411
0.014800
0.134260
0.503889
0.869339
0.267807
0.829678
0.721980
0.794049
0.660738
0.662623
0.514266
0.252963
0.483144
0.538382
0.870221
0.748897
0.814230
0.598592
0.941154
0.707350
0.255115
0.764266
0.801218
0.286513
0.617608
0.062457
0.395161
0.009071
0.358474
0.549493
0.402482
0.373275
0.683753
0.906371
0.242614
0.951561
0.736049
0.964594
0.745609
0.396786
0.627217
0.259875
0.649749
0.110361
0.798258
0.519971
0.859257
0.612487
0.118562
0.800411
0.319837
0.373677
0.564677
0.121055
0.660190
0.182285
0.183512
0.055351
0.191356
0.541987
0.604844
0.593837
0.915262
0.288598
0.500208
0.157875
0.240158
0.236257
0.122469
0.985767
0.633043
0.749686
0.245643
0.282792
0.860046
0.043900
0.802763
0.719304
0.656387
