0.180885
0.141470
0.353008
0.622874
0.084132
0.816446
0.621883
0.148066
0.246424
0.317095
0.231004
0.727605
0.593792
0.215725
0.198840
0.224760
0.921016
0.456725
0.558168
0.442837
0.841128
0.774406
0.490950
0.376897
0.377721
0.782432
0.449651
0.593141
0.146670
0.446898
0.439910
0.327555
0.588368
0.792918
0.950429
0.672500
0.609364
0.572312
0.820565
0.855788
0.889407
0.051570
0.583393
0.483198
0.267294
0.782234
0.707958
0.188310
0.238959
0.266126
0.631147
0.080088
0.040532
0.122097
0.456984
0.418253
0.904529
0.906635
0.011394
0.051199
0.353533
0.451303
0.378754
0.941901
0.244222
0.329182
0.614401
0.853586
0.901494
0.434966
0.709374
0.790901
0.486536
0.292767
0.274099
0.753830
0.075000
0.982057
0.942140
0.313960
0.248183
0.573287
0.394047
0.288715
0.695384
0.851031
0.706967
0.599913
0.757666
0.718361
0.651112
0.111199
0.169664
0.029865
0.053100
0.413885
0.359048
0.667501
0.267471
0.260541
0.102468
0.976845
0.051443
0.589003
0.269612
0.325541
0.342833
0.344612
0.307598
0.284972
0.658572
0.555781
0.858259
0.052619
0.844496
0.553643
0.903650
0.551463
0.153556
0.661316
0.269824
0.804667
0.772516
0.439488
0.834532
0.825616
0.853373
0.193580
0.493117
0.120844
0.454122
0.595584
0.097689
0.505564
0.184587
0.367301
0.831105
0.527420
0.711913
0.138704
0.812392
0.370485
0.694485
0.670651
0.423104
0.538981
0.224294
0.326754
0.090445
0.377849
0.988070
0.360269
0.182517
0.760586
0.799757
0.017049
0.586203
0.653130
0.210628
0.079320
0.773974
0.664750
0.674904
0.871663
0.170314
0.859491
0.238964
0.001419
0.386912
0.950877
0.140123
0.199303
0.321362
0.834608
0.869955
0.744466
0.373589
0.094249
0.071220
0.464034
0.472098
0.059291
0.824303
0.654615
0.819877
0.624060
0.671664
0.406080
0.277191
0.882293
0.485399
0.051166
0.547043
0.160304
0.922828
0.717357
0.019794
0.161792
0.718776
0.406706
0.112669
0.858898
0.606010
0.434031
0.693506
0.475965
0.178497
0.067096
0.570214
0.249717
0.531130
0.042312
0.309008
0.355433
0.696927
0.128885
0.979493
0.368591
0.534964
0.256684
0.250884
0.020363
0.307849
0.797926
0.180666
0.230677
0.515282
0.200461
0.392470
0.234058
0.607168
0.505139
0.092957
0.213178
0.939170
0.786463
0.689142
0.117667
0.853558
0.259356
0.367385
0.384688
0.301668
0.676393
0.740121
0.998595
0.805277
0.719614
0.367186
0.340241
0.976298
0.618069
0.360604
0.284147
0.415995
0.541271
0.514825
0.931278
0.741732
0.907295
0.165336
0.348899
0.412434
0.258292
0.562077
0.351605
0.044756
0.251219
0.469272
0.898314
0.510575
0.836657
0.283002
0.812242
0.513050
0.023123
0.810837
0.318327
0.742737
0.178022
0.658568
0.719036
0.796091
0.019172
0.003183
0.212087
0.560442
0.518008
0.143364
0.302174
0.425303
0.308700
0.651074
0.837738
0.566992
0.213151
0.189342
0.611748
0.464370
0.658615
0.510062
0.974945
0.495272
0.793064
0.787187
0.008321
0.816187
0.598024
0.326648
0.558925
0.776046
0.985216
0.277961
0.572137
0.004387
0.281144
0.784224
0.564829
0.799152
0.927588
0.867004
0.224456
0.236288
0.518078
0.062193
0.803280
0.731228
0.251536
0.415028
0.195598
0.910150
0.925090
0.170543
0.405422
0.718154
0.957730
0.413744
0.534342
0.555754
0.740392
0.093267
0.331799
0.725607
0.371228
0.903937
0.729995
0.652372
0.688161
0.294824
0.451524
0.615749
0.161828
0.675979
0.852037
0.679905
0.738173
0.655317
0.411133
0.989708
0.070346
0.606731
0.899859
0.995436
0.777274
0.305281
0.713591
0.735003
0.719024
0.247932
0.290757
0.459416
0.341199
0.622557
0.185023
0.712427
0.526494
0.915018
0.364798
0.214655
0.209842
0.816322
0.830404
0.371669
0.492301
0.682441
0.051574
0.230474
0.337759
0.462707
0.220182
0.408104
0.069438
0.120041
0.403541
0.846712
0.425322
0.117131
0.581716
0.144346
0.365064
0.872473
0.603762
0.706263
0.495029
0.788785
0.418690
0.021524
0.703802
0.783488
0.236179
0.913644
0.599810
0.066583
0.285313
0.092111
0.749024
0.336887
0.322585
0.086783
0.799595
0.542767
0.494887
0.869033
0.662808
0.898428
0.715745
0.088129
0.015560
0.297461
0.232476
0.380624
0.169934
0.836237
0.086887
0.664964
0.625022
0.505577
0.686487
0.328824
0.289066
0.922666
0.242468
0.888876
0.989249
0.527781
0.980987
0.738274
0.864668
0.303572
0.825057
0.664263
0.846339
0.319944
0.533296
0.509147
0.218372
0.249042
0.597276
0.233932
0.546503
0.829752
0.614555
0.716437
0.665989
0.701442
0.381401
0.291011
0.207020
0.067888
0.619835
0.496085
0.990554
0.862303
0.384961
0.979803
0.390084
0.365948
0.718077
0.254753
0.669520
0.543133
0.919015
0.515859
0.863078
0.452312
0.025006
0.081449
0.701354
0.622283
0.315381
0.247856
0.452035
0.929936
0.964294
0.118023
0.631379
0.345695
0.409034
0.838398
0.413582
0.028868
0.334483
0.404137
0.891171
0.719444
0.383940
0.281255
0.085391
0.102017
0.536008
0.754912
0.645151
0.455023
0.270771
0.508228
0.907335
0.295777
0.589678
0.608688
0.918060
0.905059
0.856545
0.370094
0.834995
0.820839
0.488117
0.466373
0.166534
0.897151
0.304772
0.580116
0.926019
0.639254
0.984253
0.817191
0.358698
0.368193
0.098447
0.444090
0.470210
0.634454
0.199001
0.115360
0.089477
0.469772
0.623588
0.996812
0.765549
0.213266
0.605500
0.683609
0.118324
0.462046
0.053702
0.953320
0.282885
0.541819
0.419694
0.449419
0.438970
0.724465
0.029535
0.364990
0.363719
0.013788
0.182181
0.722417
0.381980
0.280627
0.166506
0.852190
0.915080
0.365508
0.967550
0.004558
0.835279
0.591139
0.001369
0.600828
0.804404
0.606870
0.284437
0.922729
0.068915
0.338139
0.876049
0.351801
0.879958
0.295742
0.801219
0.318929
0.020207
0.830754
0.683918
0.383926
0.844542
0.866099
0.106343
0.226522
0.146726
0.272849
0.078712
0.061806
0.638356
0.046263
0.066363
0.473636
0.637401
0.067733
0.074464
0.441806
0.674603
0.358900
0.364534
0.743518
0.697039
0.240584
0.095319
0.576997
0.536325
0.896538
0.895926
0.556532
0.727292
0.579844
0.940458
0.571834
0.445943
0.046800
0.798356
0.592668
0.319649
0.877069
0.654474
0.958006
0.923331
0.720837
0.431642
0.560732
0.788569
0.506105
0.002538
0.463172
0.865005
0.367072
0.206690
0.562044
0.607656
0.302009
0.139041
0.143980
0.198547
0.034967
0.700513
0.925839
0.614811
0.640971
0.497674
0.060753
0.687772
0.296030
0.653421
0.007421
0.173098
0.307894
0.965428
0.096429
0.028730
0.397069
0.657162
0.817300
0.903175
0.659699
0.280471
0.768180
0.026771
0.487161
0.330224
0.634427
0.789170
0.469265
0.778407
0.987717
0.504231
0.478920
0.913556
0.119042
0.119891
0.411229
0.179795
0.807663
0.707259
0.833216
0.815084
0.880357
0.141110
0.780512
0.976787
0.169840
0.177582
0.633948
0.987140
0.080755
0.293648
0.267611
0.848936
0.320418
0.754773
0.179159
0.954845
0.543943
0.648424
0.733253
0.531660
0.152656
0.212172
0.445216
0.271698
0.332064
0.856445
0.451493
0.139727
0.563704
0.284709
0.954811
0.444061
0.425819
0.735323
0.420848
0.595659
0.912904
0.054796
0.582799
0.993660
0.348443
0.850411
0.842596
0.668862
0.605184
0.021755
0.623707
0.149127
0.670180
0.356960
0.680787
0.822835
0.569133
0.126003
0.094534
0.901197
0.982447
0.546026
0.040923
0.546152
0.830735
0.995735
0.990213
0.256554
0.731058
0.411061
0.852213
0.643963
0.465857
0.435013
0.637623
0.814300
0.285424
0.480219
0.483163
0.890608
0.501974
0.106870
0.039735
0.172154
0.463830
0.720521
0.994989
0.032962
0.846524
0.089522
0.934159
0.828971
0.635548
0.975083
0.375123
0.466283
0.970818
0.365335
0.722837
0.701876
0.776396
0.575051
0.345838
0.242252
0.010063
0.983461
0.056553
0.295487
0.463680
0.539715
0.186094
0.965654
0.646586
0.225829
0.137808
0.110416
0.946350
0.132797
0.143378
0.792874
0.222318
0.077537
0.621845
0.857867
0.052620
0.996968
0.324151
0.023437
0.362303
0.046987
0.725313
0.138699
0.622038
0.071151
0.380951
0.632101
0.054612
0.437504
0.927588
0.518292
0.977220
0.113682
0.483947
0.623805
0.339511
0.621754
0.734220
0.285861
0.754550
0.877598
0.078734
0.976869
0.955135
0.700580
0.834736
0.007756
0.697547
0.158886
0.031193
0.059850
0.205874
0.756506
0.198549
0.827912
0.827657
0.579500
0.460013
0.882269
0.017004
0.387600
0.400562
0.994224
0.501282
0.884508
0.618029
0.840793
0.506262
0.352249
0.126654
0.260813
0.229848
0.205389
0.237682
0.184983
0.905969
0.072418
0.192738
0.603516
0.231304
0.223931
0.663366
0.437178
0.980437
0.861915
0.265090
0.808094
0.441415
0.725102
0.690363
0.458419
0.112703
0.090925
0.452643
0.613985
0.975434
0.070672
0.454777
0.481696
0.422921
0.581431
0.742509
0.652768
0.786820
0.980191
0.837751
0.692789
0.052609
0.030490
0.296305
0.283913
0.254421
0.959670
0.721091
0.234857
0.821585
0.986180
0.042951
0.263000
0.711283
0.733315
0.721419
0.823985
0.824240
0.174062
0.437969
0.799674
0.244734
0.892747
0.281370
0.667654
0.474178
0.023879
0.320423
0.260998
0.004071
0.158174
0.953787
0.056679
0.188664
0.250091
0.340593
0.443085
0.209762
0.061684
0.677942
0.031347
0.047864
0.720894
0.294347
0.759147
0.454208
0.015766
0.583132
0.278449
0.189828
0.021101
0.078123
0.434562
0.913848
0.359492
0.102217
0.388026
0.383372
0.422640
0.649024
0.387442
0.580814
0.602811
0.444122
0.769478
0.852902
0.784714
0.212563
0.062664
0.846398
0.890506
0.094012
0.894262
0.611400
0.388359
0.653409
0.065608
0.404125
0.236540
0.344057
0.593954
0.257642
0.422179
0.028516
0.171490
0.781671
0.130732
0.559515
0.165043
0.553372
0.208540
0.552485
0.134186
0.811351
0.996607
0.903664
0.664254
0.781322
0.116227
0.726918
0.627720
0.006733
0.820929
0.521982
0.618133
0.209288
0.175390
0.683741
0.613413
0.411931
0.027797
0.207366
0.669572
0.449976
0.235882
0.841062
0.231648
0.366614
0.400577
0.396691
0.919987
0.609117
0.949176
0.054172
0.420468
0.945783
0.957837
0.084722
0.727104
0.074065
0.811639
0.354824
0.080798
0.632568
0.876806
0.698930
0.841856
0.052196
0.382670
0.455269
0.464127
0.410468
0.662635
0.133699
0.860444
0.898517
0.974761
0.092092
0.265132
0.375338
0.488782
0.185118
0.984455
0.437958
0.239291
0.404923
0.383740
0.197128
0.489645
0.110844
0.271192
0.301285
0.465669
0.351990
0.933853
0.342474
0.050920
0.775709
0.394670
0.433591
0.230978
0.858797
0.844058
0.893613
0.992496
0.704502
0.792130
0.967257
0.796594
0.057261
0.342595
0.285376
0.242379
0.327051
0.723334
0.481670
0.731974
0.107074
0.678798
0.221619
0.217919
0.949990
0.522904
0.683588
0.301980
0.456757
0.026062
0.352900
0.232466
0.420732
0.786490
0.463444
0.279529
0.630548
0.357056
0.272025
0.335050
0.149186
0.239282
0.131644
0.206448
0.581877
0.417020
0.448827
0.908927
0.140353
0.930496
0.640901
0.247428
0.609294
0.862520
0.465347
0.559284
0.385424
0.148934
0.861264
0.842181
0.174996
0.214164
0.074646
0.595728
0.000654
0.538090
0.875258
0.631202
0.895146
0.147283
0.966252
0.044333
0.386565
0.097896
0.250780
0.968442
0.514916
0.699607
0.877370
0.655270
0.630103
0.518271
0.902698
0.239398
0.380791
0.368044
0.798682
0.766216
0.516978
0.659946
0.608396
0.691975
0.874110
0.683043
0.287703
0.874764
0.221133
0.162961
0.505966
0.116279
0.310244
0.472219
0.160612
0.696809
0.570115
0.411392
0.665252
0.085031
0.110999
0.542621
0.740301
0.741102
0.060892
0.642999
0.980500
0.441684
0.011044
0.779182
0.207899
0.528022
0.439129
0.816296
0.219997
0.313239
0.499339
0.507700
0.188003
0.720471
0.670661
0.693969
0.836751
0.980905
0.166188
0.997363
0.677714
0.736302
0.408755
0.342966
0.821333
0.519754
0.885587
0.561635
0.260856
0.946479
0.204633
0.241357
0.388163
0.215677
0.020539
0.596063
0.743699
0.459668
0.412360
0.963695
0.772906
0.911698
0.471395
0.960909
0.632170
0.142056
0.654878
0.468920
0.122960
0.821066
0.466283
0.800674
0.557368
0.875038
0.143640
0.378701
0.394791
0.029226
0.940336
0.655648
0.975706
0.144969
0.897005
0.363869
0.360646
0.917544
0.959932
0.104345
0.377211
0.372292
0.068041
0.150117
0.283990
0.539435
0.111027
0.916160
0.681491
0.765905
0.385080
0.804452
0.586971
0.851363
0.605126
0.144338
0.726401
0.748765
0.523040
0.121192
0.777992
0.463375
0.776840
0.753698
0.608345
0.673845
0.117567
0.968991
0.591389
0.077499
0.073336
0.968600
0.449791
0.141376
0.118717
0.733781
0.680811
0.229744
0.649940
0.362302
0.995650
0.035021
0.166754
0.582621
0.886384
0.771880
0.726959
0.612785
0.520645
0.249998
0.733977
0.298637
0.713374
0.510818
0.052335
0.321719
0.184663
0.169901
0.290710
0.776052
0.247400
0.364046
0.744652
0.697191
0.505422
0.863369
0.430972
0.186234
0.093114
0.080912
0.548536
0.088764
0.115933
0.715290
0.671385
0.002316
0.487169
0.398344
0.615102
0.007814
0.648343
0.349079
0.306451
0.361717
0.859897
0.358786
0.683436
0.044560
0.528687
0.974146
0.820611
0.776087
0.338191
0.565263
0.473277
0.843614
0.428633
0.904249
0.029847
0.521746
0.985161
0.578383
0.610510
0.101093
0.293672
0.281895
0.103410
0.780841
0.680239
0.718512
0.788656
0.328581
0.067590
0.095107
0.690298
0.927487
0.453893
0.373734
0.972047
0.982580
0.347880
0.792658
0.758666
0.686071
0.357921
0.231944
0.529684
0.786553
0.136192
0.559531
0.308300
0.121353
0.137914
0.918810
0.222447
0.431586
0.200706
0.325856
0.212428
0.880944
0.044368
0.001083
0.209526
0.111959
0.096190
0.899824
0.039446
0.550083
0.273558
0.011492
0.532663
0.621437
0.804150
0.291329
0.307508
0.162070
0.523272
0.837192
0.948624
0.659465
0.396723
0.256923
0.780817
0.534637
0.175734
0.003264
0.966223
0.376439
0.329120
0.178651
0.257383
0.373488
0.179734
0.466908
0.485447
0.275924
0.366732
0.524892
0.826007
0.640290
0.536384
0.358670
0.261727
0.340534
0.649999
0.569234
0.502605
0.173271
0.406426
0.451228
0.832736
0.803150
0.708152
0.613553
0.337787
0.883886
0.616816
0.304010
0.260325
0.945936
0.482661
0.517708
0.319425
0.662395
0.984617
0.804871
0.938319
0.351349
0.329764
0.764326
0.991638
0.866148
0.122996
0.253365
0.206682
0.772995
0.822599
0.709287
0.946266
0.229026
0.160515
0.779001
0.032175
0.868667
0.392554
0.369962
0.752553
0.009371
0.673972
0.012878
0.955307
0.156633
0.530586
0.274732
0.819028
0.515203
0.079603
0.757347
0.866552
0.409366
0.521673
0.858190
0.275514
0.644669
0.111555
0.482196
0.417664
0.934154
0.191483
0.363930
0.163180
0.351998
0.142931
0.195354
0.220666
0.535485
0.565316
0.973219
0.544856
0.239288
0.986097
0.500163
0.395921
0.516683
0.774895
0.214949
0.031887
0.854498
0.972296
0.898438
0.263864
0.493968
0.756628
0.539378
0.138638
0.868183
0.021575
0.556301
0.802337
0.213057
0.920231
0.965516
0.565056
0.063162
0.160871
0.785722
0.598647
0.726187
0.758941
0.143503
0.965476
0.745038
0.643666
0.361397
0.261721
0.418561
0.576347
0.293608
0.273059
0.548643
0.192046
0.536923
0.042611
0.948673
0.076302
0.181249
0.816856
0.097877
0.737550
0.619194
0.310934
0.657781
0.584710
0.875990
0.720942
0.745581
0.661711
0.319590
0.471768
0.420652
0.463092
0.437244
0.165691
0.106758
0.798642
0.427412
0.525319
0.374988
0.721020
0.798378
0.923631
0.913065
0.335302
0.966242
0.861739
0.411603
0.147491
0.678595
0.509479
0.885040
0.297789
0.820413
0.542820
0.882499
0.696403
0.263763
0.628079
0.358114
0.583352
0.099847
0.778767
0.046444
0.537092
0.944457
0.153203
0.335734
0.371869
0.678522
0.710722
0.092889
0.476901
0.634353
0.005954
0.812202
0.600595
0.867693
0.223805
0.748086
0.546288
0.733285
0.633126
0.844076
0.553699
0.175947
0.726575
0.250102
0.439709
0.354654
0.608216
0.023061
0.454502
0.386983
0.069505
0.991594
0.331440
0.222708
0.327328
0.703309
0.901230
0.038050
0.796198
0.378130
0.672403
0.802152
0.190332
0.272999
0.669845
0.414138
0.021085
0.216133
0.147423
0.654211
0.060209
0.701122
0.830157
0.786784
0.951224
0.269867
0.141439
0.559440
0.292927
0.595941
0.946423
0.362433
0.587535
0.277863
0.585140
0.914863
0.981172
0.486370
0.952913
0.777371
0.864500
0.625316
0.579523
0.054832
0.898315
0.249368
0.468970
0.919399
0.465501
0.616394
0.573610
0.525710
0.317515
0.403768
0.312494
0.268739
0.673634
0.453933
0.828179
0.966562
0.049873
0.774601
0.328995
0.637408
0.052465
0.914135
0.552270
0.033637
0.400505
0.505183
0.811008
0.265005
0.130499
0.390531
0.319838
0.028814
0.639899
0.788808
0.948213
0.105399
0.405201
0.521824
0.631109
0.722717
0.925591
0.943603
0.991455
0.599225
0.397536
0.819634
0.565787
0.447409
0.594235
0.894782
0.084817
0.646700
0.808918
0.637088
0.680337
0.209423
0.142271
0.491345
0.474428
0.272770
0.881876
0.794266
0.301584
0.521775
0.583074
0.249797
0.627174
0.988275
0.771621
0.258283
0.710992
0.697212
0.201886
0.702447
0.296437
0.599422
0.522081
0.862225
0.046831
0.116317
0.757007
0.131648
0.763017
0.565925
0.768735
0.443354
0.775348
0.911006
0.934699
0.249776
0.183776
0.816575
0.044043
0.485360
0.338350
0.627116
0.735157
0.965523
0.615391
0.506778
0.223806
0.326383
0.203990
0.425692
0.028830
0.500427
0.025114
0.550911
0.362652
0.071945
0.667228
0.119659
0.203593
0.430245
0.685584
0.972328
0.873599
0.460932
0.883334
0.808298
0.710709
0.067110
0.624873
0.754751
0.552469
0.963223
0.381867
0.287627
0.928746
0.997258
0.794404
0.152552
0.323641
0.998393
0.578244
0.352472
0.498820
0.603359
0.903383
0.861472
0.675303
0.570611
0.981131
0.878896
0.000856
0.666716
0.851224
0.874455
0.127648
0.734558
0.682753
0.838356
0.801668
0.307627
0.593107
0.354137
0.270849
0.974974
0.641763
0.199595
0.972232
0.436167
0.352147
0.295873
0.434561
0.930392
0.648345
0.933381
0.533750
0.551728
0.794852
0.209054
0.122339
0.775984
0.087950
0.123194
0.442700
0.939174
0.997650
0.570347
0.673732
0.680403
0.408704
0.475399
0.988029
0.001810
0.829537
0.258878
0.976785
0.471300
0.458473
0.949017
0.907467
0.810621
0.244891
0.342027
0.741013
0.893236
0.275408
0.274763
0.444964
0.070261
0.483817
0.567303
0.846244
0.571766
0.690498
0.288944
0.510940
0.688147
0.859291
0.184672
0.368550
0.267994
0.660072
0.356579
0.269805
0.489608
0.615458
0.246589
0.960908
0.073931
0.195607
0.868375
0.884552
0.440497
0.210403
0.625564
0.333733
0.485810
0.900327
0.778697
0.556071
0.384144
0.346000
0.402315
0.955910
0.036498
0.691259
0.466850
0.724645
0.550550
0.651523
0.093195
0.818544
0.311594
0.449774
0.088349
0.801203
0.065232
0.334939
0.762111
0.139163
0.530546
0.630486
0.023715
0.971043
0.840889
0.649279
0.304777
0.326700
0.549607
0.083473
0.882770
0.933750
0.429474
0.285085
0.889660
0.465972
0.976344
0.356511
0.190617
0.526893
0.008034
0.283813
0.345437
0.319628
0.733587
0.433786
0.120831
0.798820
0.768725
0.882942
0.937983
0.299270
0.513429
0.961698
0.270313
0.354318
0.610977
0.575090
0.681017
0.160584
0.658563
0.563788
0.094334
0.088037
0.848873
0.983994
0.554009
0.825216
0.340505
0.744626
0.352110
0.348539
0.028439
0.697547
0.668167
0.762027
0.131333
0.788998
0.560846
0.900057
0.671940
0.498829
0.199327
0.185369
0.460527
0.469640
0.539687
0.071504
0.044730
0.220704
0.232088
0.703293
0.784492
0.326422
0.791330
0.633364
0.310417
0.345339
0.458581
0.650922
0.089966
0.810690
0.999461
0.118405
0.508237
0.667628
0.880431
0.639569
0.456625
0.441277
0.539626
0.128565
0.940106
0.738954
0.313934
0.400633
0.208595
0.853620
0.472137
0.253325
0.074324
0.704225
0.956618
0.858816
0.030648
0.747948
0.492180
0.341064
0.093287
0.950761
0.991986
0.183252
0.761451
0.991447
0.301657
0.269688
0.659074
0.182088
0.909257
0.115699
0.623365
0.448883
0.244265
0.563471
0.187838
0.558198
0.964104
0.396432
0.411819
0.436241
0.649757
0.486143
0.140466
0.606374
0.344959
0.171113
0.354322
0.837139
0.512178
0.447609
0.787899
0.504163
0.630862
0.549350
0.495610
0.932519
0.819038
0.154684
0.114607
0.728295
0.270384
0.737972
0.177179
0.514648
0.301443
0.365016
0.072846
0.265548
0.761448
0.484665
0.701788
0.411204
0.970808
0.842254
0.017579
0.315766
0.013368
0.371901
0.152905
0.525545
0.819510
0.940804
0.029709
0.450372
0.490155
0.525319
0.382891
0.309192
0.680003
0.497498
0.037487
0.950387
0.235470
0.214666
0.465035
0.536913
0.579682
0.537882
0.802460
0.341129
0.022546
0.504248
0.752334
0.993354
0.346503
0.769913
0.309120
0.359870
0.141814
0.462025
0.885415
0.961324
0.402830
0.915124
0.411695
0.892984
0.440443
0.794586
0.202177
0.120446
0.292083
0.239665
0.070832
0.527553
0.454331
0.535868
0.064466
0.034012
0.073749
0.866926
0.375142
0.096296
0.371174
0.127476
0.089650
0.717677
0.897389
0.398770
0.077547
0.039203
0.860795
0.962962
0.000527
0.263624
0.878087
0.412222
0.156608
0.318529
0.206808
0.358786
0.438975
0.498891
0.598451
0.509808
0.026444
0.052781
0.045675
0.090911
0.086793
0.119425
0.957836
0.461936
0.215720
0.329011
0.589412
0.305369
0.046688
0.486801
0.704139
0.124235
0.526004
0.564934
0.087197
0.526530
0.828559
0.965284
0.938752
0.985167
0.283813
0.145560
0.343953
0.722788
0.644451
0.942404
0.232596
0.670896
0.995185
0.278271
0.761806
0.081979
0.397695
0.719643
0.543915
0.613416
0.048654
0.133326
0.918785
0.095341
0.620127
0.622925
0.219575
0.146131
0.187859
0.306772
0.672661
0.016418
0.272056
0.611413
0.001585
0.555869
0.756973
0.345538
0.278657
0.401424
0.287942
0.511253
0.072321
0.283127
0.789524
0.834126
0.365106
0.187219
0.553769
0.909020
0.800635
0.602422
0.042346
0.719421
0.697763
0.662473
0.342345
0.917338
0.808604
0.530204
0.224110
0.481264
0.546622
0.496166
0.092677
0.548206
0.052035
0.849650
0.893744
0.330693
0.251074
0.181687
0.841945
0.323395
0.464814
0.631469
0.157521
0.829919
0.818689
0.711290
0.738940
0.619324
0.313711
0.781286
0.338745
0.011475
0.443759
0.681090
0.928812
0.252362
0.211293
0.152923
0.733627
0.757915
0.649089
0.826304
0.306121
0.701125
0.675954
0.199866
0.031818
0.927028
0.381552
0.873762
0.250423
0.846365
0.505231
0.407943
0.676285
0.323920
0.119233
0.415224
0.943244
0.432945
0.196510
0.281989
0.444419
0.640270
0.963078
0.373231
0.892633
0.174372
0.526155
0.626260
0.932287
0.175244
0.452564
0.238409
0.876369
0.128518
0.438275
0.908187
0.055547
0.819826
0.781949
0.305969
0.666192
0.287180
0.713913
0.342477
0.611100
0.833146
0.757701
0.554344
0.266091
0.954212
0.836333
0.710510
0.594482
0.799411
0.083742
0.487115
0.973784
0.609896
0.113374
0.906071
0.785141
0.565938
0.144480
0.661510
0.694456
0.582755
0.569696
0.750003
0.402581
0.351645
0.055972
0.068773
0.638826
0.769885
0.411250
0.249926
0.603031
0.168951
0.804271
0.869121
0.123163
0.640604
0.579631
0.717645
0.440015
0.663373
0.204759
0.413799
0.273269
0.318133
0.319870
0.058410
0.884072
0.464350
0.719920
0.578528
0.047104
0.289616
0.328530
0.449685
0.641262
0.384502
0.518458
0.280087
0.154387
0.929708
0.530013
0.757417
0.098658
0.334285
0.626539
0.221821
0.974888
0.206170
0.939466
0.414903
0.869543
0.144225
0.828702
0.142812
0.462358
0.148572
0.201223
0.346430
0.612922
0.921142
0.924958
0.660026
0.210759
0.253488
0.109711
0.852020
0.637990
0.628169
0.132107
0.792377
0.557877
0.662121
0.549794
0.656535
0.996405
0.176333
0.878356
0.971293
0.382503
0.817822
0.386196
0.252046
0.962047
0.214898
0.394859
0.424406
0.363470
0.596081
0.770835
0.976391
0.517223
0.695793
0.636417
0.727981
0.949281
0.746128
0.580001
0.587271
0.374297
0.712108
0.379647
0.932174
0.374229
0.929442
0.588709
0.370634
0.105775
0.467066
0.341927
0.488278
0.284888
0.728123
0.740324
0.246935
0.943020
0.135183
0.671340
0.306490
0.731263
0.442176
0.282881
0.248486
0.137968
0.919297
0.976467
0.087249
0.665425
0.556468
0.674519
0.039722
0.268577
0.054167
0.971896
0.642805
0.983608
0.560605
0.013439
0.089383
0.027671
0.355366
0.577661
0.312558
0.083489
0.317985
0.559493
0.026509
0.453168
0.230834
0.332999
0.184431
0.673008
0.615880
0.432917
0.810977
0.535177
0.409384
0.898225
0.200602
0.965852
0.572744
0.240323
0.234429
0.626911
0.212219
0.877234
0.610519
0.772824
0.890673
0.699902
0.800495
0.246039
0.277564
0.113053
0.329528
0.595548
0.672546
0.356037
0.048716
0.903379
0.689036
0.233146
0.576388
0.304915
0.666063
0.387364
0.840092
0.075447
0.285590
0.040693
0.041299
0.858334
0.281017
0.275727
0.485244
0.493236
0.152961
0.095764
0.266060
0.043634
0.795666
0.066555
0.289673
0.073229
0.179607
0.619200
0.668778
0.852153
0.975237
0.717494
0.755533
0.664273
0.950640
0.331921
0.969188
0.616703
0.719285
0.809280
0.692150
0.004875
0.849973
0.733449
0.863209
0.130989
0.009177
0.348453
0.624225
0.162137
0.444217
0.890285
0.205771
0.239883
0.956839
0.495444
0.313113
0.136446
0.114644
0.981891
0.988600
0.089882
0.699384
0.744132
0.754155
0.650025
0.076053
0.723344
0.266728
0.795339
0.532624
0.958878
0.800214
0.382597
0.692327
0.663423
0.513586
0.701503
0.011876
0.137811
0.863641
0.456093
0.028096
0.069412
0.695976
0.984935
0.564856
0.009088
0.121381
0.679501
0.990979
0.109981
0.769383
0.690364
0.854114
0.523539
0.340388
0.930167
0.246882
0.607116
0.725505
0.779506
0.565994
0.525719
0.162103
0.258321
0.189142
0.675689
0.959824
0.201017
0.813501
0.823465
0.657111
0.841597
0.892877
0.353087
0.826532
0.457733
0.362176
0.947913
0.137234
0.353155
0.057894
0.906618
0.043519
0.912008
0.430157
0.383907
0.842175
0.677039
0.991024
0.567680
0.456546
0.557018
0.093399
0.618649
0.815339
0.282541
0.294338
0.775164
0.483559
0.107839
0.598629
0.140670
0.949436
0.491506
0.493757
0.775968
0.949239
0.855932
0.723881
0.086474
0.209088
0.781775
0.993092
0.252607
0.693783
0.423249
0.636514
0.535958
0.100288
0.627538
0.103638
0.556834
0.184556
0.197037
0.175483
0.999895
0.479579
0.469821
0.775059
0.963138
0.577660
0.373688
0.103807
0.527096
0.865194
0.597564
0.303064
0.814433
0.453496
0.026944
0.900907
0.662584
0.808719
0.893998
0.915191
0.502503
0.317247
0.551705
0.038461
0.417535
0.179243
0.142099
0.974369
0.363798
0.339137
0.149852
0.363694
0.818715
0.619673
0.138752
0.781853
0.197333
0.512440
0.885660
0.724429
0.377633
0.483224
0.027492
0.192066
0.936720
0.054436
0.092973
0.599304
0.863155
0.986971
0.514495
0.365658
0.304218
0.066200
0.404118
0.721754
0.245442
0.546217
0.696123
0.609240
0.885353
0.845975
0.972934
0.704068
0.465648
0.111686
0.485921
0.662981
0.624126
0.371581
0.387410
0.001758
0.854805
0.414901
0.193825
0.791525
0.469337
0.286798
0.390829
0.332493
0.273769
0.905324
0.698150
0.577987
0.971524
0.102268
0.299740
0.216967
0.648485
0.995863
0.826207
0.533838
0.841838
0.799140
0.237907
0.307487
0.910826
0.723828
0.970468
0.534951
0.095409
0.357878
0.536710
0.950214
0.772779
0.730535
0.741739
0.242117
0.017332
0.132569
0.574610
0.291101
0.037893
0.272760
0.869087
0.009417
0.375029
0.168828
0.226383
0.023514
0.164691
0.052591
0.557353
0.006530
0.851731
0.795260
0.314016
0.762556
0.519088
0.284484
0.297507
0.614497
0.642362
0.834217
0.564711
0.415141
0.564752
0.306450
0.657258
0.582084
0.439019
0.231868
0.873184
0.476913
0.504628
0.742272
0.486330
0.879657
0.911100
0.712714
0.903171
0.075791
0.765304
0.460524
0.082320
0.617035
0.255783
0.396337
0.379591
0.774871
0.680821
0.677099
0.389368
0.323183
0.511316
0.954079
0.738324
0.076067
0.260530
0.395582
0.658151
0.699549
0.627450
0.531336
0.176462
0.132078
0.273608
0.662792
0.011735
0.184707
0.375506
0.914906
0.260499
0.140810
0.375429
0.342818
0.757845
0.631213
0.739156
0.137437
0.406084
0.419977
0.814535
0.795453
0.743159
0.325851
0.749532
0.481483
0.401918
0.010061
0.877066
0.060070
0.709610
0.504516
0.591405
0.886071
0.636594
0.865013
0.548863
0.648329
0.049720
0.924369
0.563235
0.310219
0.065179
0.938665
0.653037
0.823024
0.569878
0.392193
0.960460
0.975962
0.812169
0.774996
0.771415
0.555329
0.100847
0.520947
0.036812
0.502765
0.531009
0.913878
0.562835
0.240619
0.418394
0.154240
0.126690
0.054988
0.019253
0.675554
0.703317
0.068974
0.599922
0.266552
0.379192
0.665101
0.205217
0.032230
0.488125
0.775095
0.424423
0.448585
0.751057
0.236592
0.223581
0.522473
0.791921
0.324428
0.043420
0.828733
0.827192
0.574429
0.742611
0.390028
0.815048
0.161005
0.544268
0.941738
0.215993
0.563522
0.617292
0.919310
0.632496
0.217214
0.185862
0.011688
0.882315
0.391079
0.043918
0.370439
0.166174
0.468342
0.819024
0.917231
0.704934
0.042605
0.439704
0.496855
0.367032
0.483124
0.325588
0.194225
0.057553
0.068199
0.584252
0.872601
0.229204
0.128521
0.814339
0.445196
0.692043
0.431631
0.364506
0.324538
0.648845
0.550368
0.336227
0.531160
0.941447
0.380145
0.901599
0.107621
0.848487
0.720624
0.024852
0.553421
0.763229
0.464557
0.050275
0.130261
0.947681
0.375863
0.324486
0.005234
0.444063
0.908739
0.877835
0.673266
0.037260
0.692174
0.118463
0.729302
0.123805
0.482968
0.053840
0.772651
0.033336
0.390068
0.303811
0.974783
0.770213
0.205410
0.082404
0.618700
0.926034
0.107257
0.172120
0.689262
0.571813
0.222396
0.819524
0.519494
0.598260
0.144009
0.524728
0.042322
0.052749
0.402563
0.715588
0.090008
0.094737
0.834051
0.819311
0.218543
0.317019
0.873151
0.991193
0.350355
0.263219
0.295004
0.325138
0.033431
0.500414
0.407542
0.652131
0.426447
0.514798
0.824252
0.115710
0.086611
0.046648
0.935233
0.606104
0.644907
0.079243
0.130832
0.687229
0.131992
0.533394
0.402817
0.222000
0.628131
0.236868
0.041310
0.846674
0.553887
0.914462
0.837867
0.904241
0.177681
0.132871
0.229379
0.211112
0.633285
0.636921
0.863244
0.059732
0.151719
0.687495
0.175441
0.238329
0.734143
0.110675
0.844434
0.379050
0.189917
0.975265
0.066279
0.321908
0.508660
0.469096
0.543909
0.136791
0.705964
0.585219
0.983465
0.259850
0.499681
0.821332
0.164092
0.677362
0.954203
0.393471
0.888474
0.587488
0.030392
0.751718
0.647220
0.182110
0.439213
0.822661
0.420440
0.173357
0.933336
0.264874
0.552407
0.123253
0.240139
0.618686
0.445161
0.748799
0.087783
0.989070
0.885590
0.793746
0.574289
0.869055
0.053597
0.073970
0.690387
0.217689
0.751332
0.644590
0.611161
0.639806
0.232078
0.641552
0.391524
0.879297
0.823663
0.830737
0.701958
0.244104
0.004094
0.635294
0.508977
0.556500
0.758547
0.749116
0.175187
0.203709
0.497915
0.262968
0.192778
0.383505
0.056715
0.767067
0.252560
0.110312
0.841038
0.942946
0.328001
0.592369
0.587536
0.939162
0.232175
0.819614
0.580714
0.623699
0.698911
0.404378
0.454436
0.400870
0.648481
0.458530
0.036164
0.157458
0.015031
0.794710
0.906574
0.190217
0.998418
0.404489
0.453186
0.191197
0.787994
0.509901
0.958264
0.040554
0.620212
0.799302
0.983500
0.948214
0.391671
0.571036
0.887376
0.623846
0.390650
0.468091
0.247546
0.089561
0.872469
0.701982
0.490430
0.520950
0.160513
0.526594
0.678408
0.175544
0.321304
0.584982
0.365761
0.319723
0.989471
0.818946
0.510919
0.777465
0.328846
0.469184
0.818019
0.949059
0.268485
0.801519
0.897273
0.660156
0.372555
0.784649
0.284002
0.763206
0.252739
0.531548
0.852767
0.125208
0.233530
0.343198
0.646157
0.394042
0.869791
0.324565
0.569586
0.191095
0.909548
0.935346
0.510818
0.899019
0.754292
0.021737
0.676484
0.083139
0.490921
0.494504
0.032197
0.759406
0.296023
0.929470
0.419562
0.668578
0.714119
0.703565
0.431784
0.966858
0.235113
0.284551
0.092065
0.468642
0.627748
0.738223
0.862685
0.497539
0.062788
0.432271
0.688635
0.972336
0.367617
0.199453
0.871355
0.121909
0.221191
0.547839
0.205048
0.712112
0.042343
0.237245
0.471518
0.338366
0.166715
0.891080
0.006945
0.880834
0.594645
0.438729
0.847692
0.829758
0.723279
0.939757
0.298400
0.351028
0.677980
0.161085
0.848567
0.740769
0.593356
0.537202
0.713104
0.960973
0.736654
0.584459
0.082883
0.957845
0.132299
0.287931
0.669957
0.174643
0.525175
0.141475
0.513009
0.691891
0.032555
0.519953
0.572725
0.627200
0.958682
0.420416
0.456958
0.681962
0.360173
0.755359
0.032990
0.038154
0.916444
0.881556
0.778922
0.509800
0.418757
0.492027
0.470773
0.155412
0.076487
0.553655
0.113257
0.208785
0.841586
0.783214
0.383428
0.366761
0.924689
0.896437
0.058653
0.957244
0.416390
0.631377
0.584444
0.375072
0.051794
0.041402
0.057034
0.411967
0.796761
0.090023
0.450121
0.713205
0.971579
0.229043
0.223005
0.390336
0.721070
0.693778
0.545748
0.797557
0.247434
0.659006
0.006342
0.089020
0.442219
0.389770
0.455781
0.366908
0.286207
0.514433
0.324152
0.702597
0.145810
0.908596
0.077669
0.197604
0.949998
0.134703
0.609571
0.746760
0.224725
0.059692
0.459964
0.196305
0.288736
0.682969
0.586641
0.009806
0.376747
0.132389
0.807362
0.624181
0.791395
0.813704
0.713200
0.233614
0.203474
0.168981
0.600521
0.489681
0.683415
0.924673
0.192278
0.829225
0.833269
0.269946
0.026830
0.783268
0.404649
0.636400
0.530027
0.629374
0.696093
0.989992
0.825678
0.984828
0.672961
0.412319
0.994634
0.049708
0.544708
0.801996
0.673889
0.336103
0.615700
0.387089
0.569717
0.819175
0.556070
0.170238
0.308856
0.239485
0.094911
0.501133
0.068709
0.928180
0.771080
0.095539
0.711448
0.175728
0.731939
0.241475
0.805102
0.428032
0.231467
0.630781
0.412860
0.904428
0.043100
0.407494
0.954136
0.587808
0.209490
0.628026
0.923911
0.825190
0.015115
0.493627
0.644365
0.571184
0.663865
0.953221
0.810669
0.758776
0.454355
0.879378
0.686956
0.225434
0.974917
0.398405
0.401162
0.706856
0.639880
0.206265
0.134887
0.871347
0.837045
0.547747
0.775774
0.880145
0.955241
0.729911
0.467953
0.164731
0.357936
0.391864
0.989921
0.373051
0.885491
0.634286
0.944235
0.549356
0.587508
0.754904
0.308132
0.041862
0.634282
0.995089
0.267296
0.609199
0.393493
0.668458
0.316054
0.033373
0.874723
0.450942
0.904719
0.711768
0.998689
0.680494
0.591913
0.953930
0.410405
0.059866
0.118661
0.768342
0.451729
0.108582
0.141392
0.337220
0.742869
0.085627
0.886576
0.330377
0.840532
0.194708
0.372239
0.474814
0.189797
0.639535
0.084013
0.583290
0.307993
0.400067
0.616663
0.182715
0.851009
0.521383
0.894484
0.849698
0.201877
0.486397
0.803628
0.612282
0.546263
0.922290
0.380623
0.997992
0.030872
0.522016
0.335212
0.773741
0.607643
0.221788
0.104118
0.448175
0.416496
0.476357
0.922989
0.606293
0.115892
0.007002
0.189583
0.423884
0.407069
0.806246
0.606600
0.258079
0.327628
0.501084
0.107777
0.529505
0.987481
0.911405
0.141787
0.533743
0.833695
0.522410
0.531735
0.864567
0.044425
0.866947
0.638309
0.652068
0.088735
0.742427
0.100243
0.505232
0.218784
0.023232
0.111524
0.334675
0.030235
0.301108
0.758560
0.437304
0.107354
0.365160
0.695382
0.434982
0.866244
0.803159
0.964487
0.853725
0.714564
0.106274
0.387468
0.548260
0.628684
0.919203
0.412827
0.673109
0.786150
0.051135
0.325178
0.874886
0.793562
0.425421
0.380117
0.012345
0.448653
0.491642
0.347021
0.478887
0.792750
0.105581
0.916191
0.900103
0.470741
0.611573
0.335086
0.336985
0.414732
0.299573
0.190710
0.129297
0.405847
0.578178
0.677556
0.034531
0.497381
0.090382
0.707640
0.283531
0.141518
0.032817
0.158416
0.935080
0.458238
0.538534
0.947425
0.906891
0.030176
0.294446
0.385778
0.822926
0.400027
0.301968
0.723029
0.870768
0.913541
0.058115
0.207754
0.328273
0.357687
0.398463
0.457570
0.763535
0.976641
0.135126
0.798066
0.474022
0.225508
0.505706
0.757553
0.367026
0.538523
0.915970
0.302106
0.996762
0.454504
0.249532
0.903653
0.484680
0.543978
0.289432
0.307606
0.944005
0.591400
0.030635
0.814773
0.504941
0.088750
0.022526
0.833215
0.446437
0.420990
0.290785
0.209972
0.397631
0.425911
0.008038
0.871653
0.651419
0.513743
0.629205
0.018445
0.052267
0.545175
0.320551
0.049027
0.999679
0.570083
0.952681
0.484359
0.114061
0.242112
0.791964
0.058066
0.833512
0.822599
0.872839
0.338453
0.911349
0.895366
0.171669
0.357786
0.316356
0.462453
0.567758
0.713987
0.888363
0.575795
0.585640
0.539782
0.089538
0.214845
0.558227
0.141804
0.760020
0.878778
0.190832
0.759699
0.448861
0.143513
0.244057
0.562922
0.385625
0.036021
0.620987
0.219137
0.858621
0.493827
0.557590
0.769969
0.389192
0.729259
0.127755
0.705548
0.191711
0.695513
0.419535
0.080075
0.271309
0.005174
0.619857
0.360847
0.220018
0.178083
0.502651
0.980038
0.056861
0.693484
0.739737
0.505722
0.836997
0.983794
0.068643
0.222622
0.019815
0.689631
0.441759
0.878436
0.183457
0.999349
0.648405
0.572650
0.728608
0.776160
0.278198
0.920319
0.471674
0.697732
0.000394
0.742983
0.702906
0.620251
0.103830
0.922925
0.798334
0.606481
0.902963
0.855195
0.299964
0.642700
0.360918
0.136961
0.626494
0.429562
0.359582
0.646309
0.119192
0.801341
0.524745
0.302649
0.800690
0.173150
0.875299
0.529297
0.949310
0.153497
0.449617
0.420984
0.851229
0.450011
0.163967
0.554135
0.070262
0.267797
0.477059
0.868596
0.874277
0.380022
0.723791
0.174242
0.022722
0.084709
0.311202
0.649216
0.514270
0.670784
0.295525
0.633462
0.472125
0.820269
0.936112
0.272815
0.993419
0.811412
0.802112
0.942729
0.964908
0.251729
0.363714
0.816137
0.701740
0.527681
0.370272
0.772002
0.795477
0.847331
0.640598
0.669755
0.227353
0.364389
0.843996
0.250075
0.449098
0.155198
0.899290
0.963368
0.825982
0.194815
0.596830
0.298107
0.015084
0.532943
0.570922
0.008504
0.344354
0.373034
0.951233
0.309262
0.624763
0.314947
0.125399
0.326503
0.842628
0.495671
0.098504
0.638105
0.343002
0.739102
0.307859
0.570355
0.103491
0.151855
0.820429
0.552588
0.307053
0.719719
0.515956
0.133035
0.914534
0.112787
0.431143
0.929619
0.645729
0.002065
0.938122
0.990083
0.375098
0.889355
0.299346
0.999861
0.204302
0.424745
0.326364
0.046929
0.920416
0.424868
0.685034
0.263417
0.163970
0.992893
0.833772
0.267460
0.144749
0.654201
0.820049
0.451802
0.373921
0.336005
0.584837
0.288455
0.448792
0.015980
0.218074
0.094521
0.018045
0.156196
0.084604
0.393143
0.045551
0.383950
0.393004
0.249852
0.808695
0.719368
0.296781
0.729111
0.144235
0.981815
0.992529
0.308206
0.974708
0.826301
0.575666
0.119457
0.480502
0.395715
0.571258
0.854422
0.731721
0.156096
0.142877
0.180512
0.172076
0.360951
0.275034
0.190121
0.517147
0.359638
0.583264
0.562697
0.743588
0.976268
0.812549
0.552283
0.695636
0.109330
0.281394
0.839872
0.091145
0.273923
0.148078
0.065853
0.100224
0.723744
0.185310
0.580725
0.119459
0.756568
0.435148
0.851180
0.912664
0.578025
0.031693
0.084740
0.938976
0.306726
0.274861
0.456123
0.666364
0.858126
0.018821
0.409952
0.834394
0.831369
0.962235
0.530030
0.940700
0.243629
0.369902
0.031845
0.517551
0.517980
0.097697
0.617774
0.241723
0.283007
0.198499
0.361183
0.039575
0.633647
0.212363
0.952239
0.211672
0.244056
0.036979
0.150648
0.550782
0.311841
0.606771
0.217146
0.169966
0.625591
0.627098
0.004359
0.456960
0.589332
0.534390
0.397660
0.832961
0.904292
0.429505
0.350512
0.422272
0.527202
0.968286
0.663995
0.810209
0.166785
0.025179
0.849784
0.800432
0.237541
0.802023
0.012104
0.481597
0.839002
0.162752
0.032379
0.150842
0.769522
0.249525
0.320808
0.395113
0.876623
0.325168
0.852074
0.465955
0.859558
0.249734
0.298916
0.763850
0.679238
0.649428
0.186121
0.206440
0.617715
0.850117
0.016649
0.784500
0.875295
0.866432
0.584932
0.112837
0.668455
0.597036
0.594434
0.507457
0.759788
0.626814
0.658299
0.529311
0.876338
0.979107
0.924424
0.752961
0.304275
0.776498
0.218916
0.163833
0.026231
0.517833
0.927683
0.705469
0.167261
0.113804
0.911909
0.784975
0.963921
0.928558
0.569475
0.839217
0.794990
0.154408
0.952053
0.463445
0.751444
0.546488
0.970902
0.511233
0.173301
0.629201
0.040544
0.049640
0.608308
0.964968
0.802601
0.912583
0.741466
0.021517
0.076416
0.767697
0.539350
0.004099
0.473166
0.706611
0.117904
0.385075
0.491586
0.081825
0.313632
0.061062
0.921041
0.108622
0.215470
0.873094
0.572068
0.966914
0.419582
0.542969
0.478147
0.592883
0.172170
0.518691
0.642523
0.780478
0.483659
0.445124
0.693062
0.225125
0.466641
0.769478
0.992821
0.005991
0.773577
0.465987
0.712602
0.891480
0.851062
0.204189
0.973305
0.164695
0.265250
0.894346
0.273317
0.480720
0.767440
0.845385
0.447634
0.187023
0.388354
0.925782
0.779905
0.560525
0.444472
0.422428
0.341003
0.928131
0.867551
0.034065
0.153256
0.334192
0.803543
0.146077
0.340183
0.577120
0.612064
0.052785
0.468600
0.463127
0.256973
0.441904
0.627821
0.522223
0.336250
0.901139
0.002944
0.103690
0.746523
0.450577
0.290712
0.134877
0.376359
0.070618
0.695402
0.820832
0.493046
0.036406
0.748963
0.360597
0.070471
0.902219
0.694790
0.874013
0.048296
0.034973
0.451132
0.660360
0.087758
0.919732
0.123486
0.344731
0.361637
0.751308
0.866954
0.697887
0.652447
0.869897
0.801577
0.398970
0.320475
0.092289
0.533848
0.696833
0.162907
0.229251
0.517665
0.655953
0.265656
0.266628
0.016550
0.336126
0.168847
0.711339
0.210140
0.217142
0.746312
0.661272
0.877503
0.834070
0.581004
0.000990
0.178800
0.942641
0.752297
0.045754
0.640528
0.404744
0.915652
0.442104
0.803714
0.236126
0.534394
0.337562
0.932960
0.697301
0.566812
0.450624
0.353254
0.832468
0.717252
0.369803
0.168595
0.886099
0.081143
0.378734
0.103242
0.827455
0.040006
0.980744
0.661525
0.621010
0.981733
0.840325
0.563651
0.734031
0.886080
0.204179
0.138775
0.801731
0.646283
0.942489
0.037857
0.180676
0.280050
0.970817
0.877977
0.846862
0.421442
0.231230
0.679330
0.138694
0.601034
0.847925
0.024793
0.682177
0.226659
0.128035
0.509631
0.266665
0.108779
0.171157
0.887675
0.090512
0.011482
0.451326
0.824543
0.897561
0.655505
0.963318
0.699292
0.301788
0.905806
0.737149
0.482464
0.185857
0.707966
0.360442
0.032720
0.129407
0.591673
0.712050
0.268102
0.192707
0.559975
0.292895
0.874883
0.786634
0.420929
0.384515
0.053298
0.529709
0.555671
0.940973
0.620221
0.567153
0.392299
0.444764
0.464713
0.047805
0.408082
0.164005
0.349592
0.313888
0.901155
0.832057
0.499745
0.609121
0.192499
0.532465
0.738528
0.784171
0.244515
0.006630
0.976878
0.804489
0.299525
0.851761
0.591123
0.720454
0.236275
0.644421
0.250163
0.791947
0.585394
0.870384
0.359099
0.977693
0.315148
0.823813
0.025497
0.723230
0.987818
0.375090
0.037119
0.888973
0.207147
0.536864
0.498094
0.399646
0.069329
0.236622
0.183817
0.313843
0.243252
0.160695
0.118332
0.542776
0.012456
0.709455
0.263230
0.248731
0.353876
0.513393
0.040678
0.939270
0.383777
0.399777
0.916963
0.698926
0.223590
0.942461
0.422156
0.211409
0.317551
0.459275
0.100381
0.524698
0.996139
0.598475
0.924344
0.065468
0.835097
0.108161
0.379311
0.078348
0.268856
0.497643
0.621125
0.281311
0.207098
0.884355
0.530043
0.560975
0.397749
0.570721
0.500244
0.781526
0.970498
0.417207
0.480451
0.194088
0.359668
0.902607
0.405497
0.677219
0.361882
0.505878
0.201917
0.358021
0.104353
0.126260
0.423489
0.939450
0.234422
0.802799
0.017799
0.503278
0.300443
0.638923
0.784589
0.507541
0.523279
0.314632
0.068516
0.921027
0.885353
0.568760
0.702553
0.855851
0.985967
0.183005
0.049940
0.345636
0.085613
0.455436
0.022855
0.447495
0.961314
0.224772
0.805516
0.065667
0.351033
0.229004
0.005116
0.585455
0.031803
0.022914
0.088733
0.332246
0.661838
0.873322
0.839788
0.185116
0.187954
0.908303
0.106143
0.073307
0.477063
0.808697
0.929158
0.463031
0.991702
0.979097
0.808667
0.077315
0.434533
0.831522
0.524809
0.395847
0.056294
0.330324
0.461514
0.407327
0.559329
0.466630
0.992782
0.591132
0.489545
0.081514
0.923379
0.151383
0.954836
0.763166
0.336498
0.142790
0.671470
0.442642
0.216096
0.148533
0.251339
0.145255
0.611564
0.243041
0.124352
0.420231
0.320355
0.558886
0.251752
0.845164
0.954733
0.308046
0.175488
0.416246
0.715373
0.734817
0.882876
0.708155
0.325949
0.372421
0.789670
0.249328
0.523804
0.744506
0.012494
0.860302
0.887296
0.683964
0.302944
0.103392
0.832497
0.554283
0.248647
0.444061
0.797323
0.372999
0.864291
0.117679
0.931884
0.116043
0.962842
0.886617
0.424089
0.138331
0.302863
0.139463
0.873148
0.185740
0.847619
0.199097
0.558161
0.637289
0.448426
0.081964
0.381795
0.460920
0.942266
0.269091
0.144885
0.245210
0.372483
0.977381
0.799493
0.621130
0.421442
0.596817
0.994129
0.285733
0.714495
0.926013
0.401777
0.677337
0.812630
0.825866
0.815668
0.115493
0.965330
0.688816
0.301233
0.812948
0.887914
0.859394
0.450237
0.336340
0.941358
0.832032
0.797260
0.883624
0.101122
0.942144
0.128834
0.473605
0.919526
0.928327
0.094734
0.340968
0.525144
0.088863
0.626701
0.239639
0.014876
0.028479
0.916976
0.827506
0.854345
0.732644
0.942999
0.819675
0.421460
0.244232
0.632623
0.309374
0.103626
0.082860
0.645714
0.044983
0.914892
0.442974
0.928607
0.016014
0.385119
0.057441
0.489619
0.304644
0.985769
0.584354
0.645612
0.510913
0.673217
0.272314
0.750551
0.688093
0.300792
0.667527
0.515599
0.155136
0.400171
0.458598
0.974811
0.821632
0.702830
0.607434
0.131006
0.806455
0.690294
0.776720
0.851438
0.605186
0.219694
0.780046
0.621200
0.604813
0.837487
0.110819
0.909457
0.823256
0.695173
0.555069
0.334168
0.368391
0.827383
0.084720
0.056483
0.128175
0.752247
0.572082
0.283312
0.152418
0.030680
0.258122
0.974050
0.733510
0.865557
0.105055
0.539965
0.555850
0.881775
0.391403
0.161036
0.101469
0.171449
0.782237
0.706282
0.008936
0.893056
0.615739
0.832191
0.588229
0.170808
0.166359
0.956620
0.998191
0.251079
0.013103
0.126366
0.003325
0.585185
0.409678
0.155744
0.615865
0.667800
0.129794
0.349375
0.533357
0.234849
0.889340
0.089207
0.116624
0.280743
0.250244
0.218093
0.452192
0.032481
0.924375
0.461127
0.925537
0.540114
0.293319
0.513767
0.710922
0.459679
0.470387
0.709114
0.710758
0.483490
0.835480
0.714083
0.068675
0.245157
0.869827
0.684540
0.912958
0.999621
0.033916
0.446315
0.234470
0.923255
0.535522
0.351094
0.203998
0.785767
0.569187
0.656190
0.818247
0.493562
0.117318
0.743784
0.033677
0.410636
0.257551
0.744599
0.870315
0.727938
0.453713
0.581072
0.211427
0.289192
0.295155
0.280101
0.534350
0.164983
0.964642
0.447308
0.164604
0.998557
0.893623
0.399074
0.921812
0.429146
0.750168
0.125810
0.214912
0.319355
0.782000
0.033159
0.812918
0.899318
0.776944
0.846595
0.309954
0.034495
0.591194
0.180269
0.762432
0.044906
0.761341
0.973859
0.334098
0.056497
0.253961
0.868448
0.221480
0.218603
0.315756
0.386085
0.217160
0.209379
0.785159
0.138972
0.638525
0.535327
0.264783
0.853437
0.854683
0.046782
0.886596
0.667601
0.946101
0.663540
0.514196
0.256055
0.698034
0.105390
0.436324
0.460467
0.150295
0.197665
0.434326
0.484394
0.254162
0.688288
0.352842
0.475643
0.906891
0.668599
0.861727
0.124051
0.877978
0.646886
0.263023
0.516503
0.182213
0.527805
0.369939
0.036896
0.574588
0.256535
0.704497
0.520689
0.920075
0.218692
0.776743
0.618109
0.324082
0.213067
0.078576
0.474377
0.410732
0.512903
0.958771
0.664895
0.201190
0.311613
0.140537
0.108080
0.980211
0.002265
0.232131
0.858189
0.649151
0.495154
0.374692
0.831364
0.022959
0.744632
0.868260
0.597547
0.001166
0.572756
0.118235
0.921241
0.791448
0.894979
0.539351
0.115529
0.108046
0.617927
0.589906
0.518779
0.130829
0.548677
0.183674
0.332019
0.860290
0.324211
0.440099
0.840501
0.326476
0.672230
0.698690
0.975627
0.167384
0.073383
0.806991
0.190343
0.818014
0.675250
0.787890
0.819181
0.248007
0.906126
0.740423
0.039455
0.801105
0.279773
0.154984
0.909151
0.897700
0.744891
0.427930
0.028529
0.293568
0.611603
0.360548
0.153858
0.935815
0.800647
0.994359
0.262290
0.472877
0.693050
0.237918
0.640262
0.766432
0.044908
0.830605
0.584447
0.720159
0.618495
0.403628
0.968166
0.524621
0.144050
0.007621
0.325726
0.423823
0.162606
0.234877
0.321523
0.907496
0.662807
0.350052
0.201064
0.274411
0.710600
0.354923
0.210226
0.511247
0.349281
0.472516
0.984124
0.042331
0.710434
0.624386
0.808763
0.755342
0.454990
0.393210
0.475501
0.073486
0.796837
0.443667
0.598107
0.940887
0.451288
0.923833
0.364710
0.613893
0.158711
0.686233
0.521389
0.821518
0.036285
0.722453
0.095929
0.746885
0.077376
0.306155
0.258132
0.426657
0.778670
0.242256
0.468988
0.489104
0.866642
0.277751
0.244446
0.321632
0.670961
0.719947
0.395118
0.467798
0.163614
0.993225
0.408685
0.614902
0.917058
0.773395
0.228794
0.075769
0.459628
0.750183
0.897287
0.495914
0.472636
0.993216
0.242799
0.550012
0.299370
0.500931
0.976669
0.078041
0.743187
0.445657
0.567145
0.609829
0.723408
0.811591
0.931461
0.394369
0.531538
0.326579
0.862167
0.695153
0.319804
0.270852
0.310054
0.236862
0.044247
0.538849
0.312632
0.503875
0.289032
0.209918
0.999789
0.761668
0.203135
0.242588
0.311680
0.502506
0.743519
0.288350
0.580547
0.486706
0.734007
0.147692
0.096535
0.457415
0.959283
0.027997
0.851784
0.490821
0.354575
0.713951
0.185974
0.674380
0.984802
0.496028
0.911242
0.029049
0.034876
0.223873
0.532924
0.323909
0.433792
0.532714
0.085577
0.636927
0.775302
0.397257
0.139433
0.518821
0.685607
0.719980
0.005527
0.419614
0.867672
0.102062
0.877030
0.826954
0.130057
0.728813
0.317776
0.484633
0.442764
0.503749
0.159013
0.427567
0.999777
0.070254
0.456615
0.034653
0.294128
0.989540
0.358562
0.727920
0.522254
0.444138
0.364847
0.297556
0.841396
0.504279
0.816376
0.527003
0.224259
0.821903
0.946617
0.091930
0.923964
0.823647
0.918885
0.054022
0.552460
0.236660
0.538654
0.995224
0.740410
0.697667
0.422791
0.740187
0.767922
0.879407
0.774840
0.062049
0.868947
0.133402
0.789969
0.391200
0.577541
0.154815
0.688756
0.418936
0.659095
0.505132
0.945939
0.883354
0.327034
0.892557
0.975284
0.250999
0.716204
0.894169
0.305021
0.268664
0.130830
0.843675
0.263889
0.871240
0.541342
0.686679
0.611427
0.309264
0.566086
0.386267
0.371313
0.435032
0.519669
0.161282
0.826233
0.097210
0.316098
0.514989
0.516146
0.975193
0.020121
0.462085
0.858547
0.347155
0.354642
0.833831
0.598154
0.070845
0.728000
0.903175
0.339510
0.858831
0.746849
0.603398
0.730070
0.288192
0.290077
0.341497
0.597456
0.856163
0.727763
0.968769
0.291196
0.247432
0.130051
0.117429
0.344642
0.446149
0.632417
0.860788
0.421342
0.652538
0.322873
0.279889
0.999693
0.677515
0.113720
0.597848
0.748361
0.841721
0.501022
0.087870
0.700551
0.247871
0.691268
0.430621
0.536063
0.981346
0.772118
0.133519
0.837509
0.499881
0.102288
0.128705
0.747314
0.232339
0.246134
0.091956
0.678489
0.878551
0.952743
0.099830
0.531089
0.275616
0.379719
0.530783
0.953131
0.493439
0.128630
0.701492
0.335159
0.629652
0.789362
0.035711
0.877523
0.480630
0.466332
0.413586
0.461976
0.238450
0.547105
0.299485
0.738331
0.649394
0.428191
0.485645
0.881733
0.674324
0.577601
0.560221
0.552875
0.530344
0.660051
0.083964
0.805960
0.039771
0.614747
0.759091
0.533210
0.743376
0.460582
0.868369
0.373028
0.249944
0.904080
0.250552
0.730575
0.370412
0.664139
0.192551
0.608862
0.211245
0.492037
0.347193
0.860638
0.920227
0.832838
0.742371
0.594551
0.410439
0.302592
0.147427
0.940783
0.962643
0.231391
0.746742
0.002413
0.846137
0.505833
0.535623
0.589514
0.966416
0.403992
0.962542
0.216360
0.308072
0.213094
0.946935
0.678484
0.877233
0.139486
0.287345
0.088477
0.631522
0.634538
0.949115
0.551749
0.467377
0.691486
0.146300
0.877815
0.994077
0.293727
0.818598
0.956720
0.525118
0.565340
0.959133
0.371255
0.071173
0.494757
0.960769
0.037589
0.898748
0.923312
0.253949
0.206820
0.136406
0.200884
0.885304
0.013639
0.340369
0.172650
0.102117
0.971891
0.807188
0.051231
0.523641
0.274564
0.742717
0.669941
0.152379
0.736794
0.963669
0.970977
0.693514
0.488787
0.536318
0.652647
0.860042
0.607491
0.147404
0.820811
0.645080
0.046152
0.744123
0.899029
0.252972
0.880529
0.099912
0.138277
0.894168
0.440282
0.310926
0.996284
0.412173
0.118114
0.047515
0.935814
0.392677
0.790232
0.605755
0.545057
0.527026
0.569424
0.516035
0.220540
0.058211
0.052352
0.873187
0.918253
0.659843
0.020591
0.739065
0.304924
0.066743
0.483187
0.203953
0.319716
0.363716
0.303865
0.457992
0.257884
0.744147
0.768918
0.254167
0.156320
0.887031
0.301682
0.092134
0.279709
0.091914
0.697889
0.824766
0.618940
0.267313
0.340800
0.839480
0.325525
0.393153
0.712667
0.243778
0.052996
0.733258
0.982842
0.357920
0.800001
0.466030
0.561873
0.119717
0.829746
0.865738
0.577709
0.087630
0.609885
0.346628
0.341798
0.766205
0.233659
0.643480
0.858339
0.513367
0.735394
0.556228
0.338133
0.354334
0.823541
0.678934
0.193813
0.149065
0.072087
0.906480
0.392843
0.125084
0.639738
0.375685
0.483004
0.439739
0.841716
0.044877
0.559456
0.671462
0.910615
0.137166
0.759092
0.520500
0.483793
0.100890
0.286705
0.717452
0.744370
0.145044
0.230819
0.479764
0.701272
0.568953
0.834098
0.524813
0.247887
0.027911
0.673878
0.319975
0.934392
0.066722
0.445058
0.574130
0.442407
0.928061
0.013869
0.284123
0.972938
0.573326
0.955585
0.883553
0.710491
0.714677
0.404053
0.194285
0.815567
0.690757
0.911736
0.559937
0.835801
0.142556
0.039700
0.537073
0.711508
0.873799
0.061886
0.959395
0.901710
0.735764
0.279370
0.836102
0.802486
0.724427
0.410232
0.244893
0.652489
0.424101
0.529016
0.625427
0.997427
0.484601
0.508979
0.707918
0.199278
0.913032
0.902203
0.014845
0.603789
0.813939
0.574781
0.439590
0.956495
0.614482
0.976663
0.668003
0.488281
0.038549
0.627399
0.389991
0.774313
0.906768
0.226093
0.576799
0.631195
0.636325
0.821693
0.283684
0.060426
0.350709
0.909111
0.057853
0.835310
0.418090
0.765771
0.034588
0.331122
0.667974
0.049432
0.934912
0.481913
0.624214
0.374502
0.438408
0.238696
0.351166
0.106412
0.726978
0.389715
0.733810
0.116969
0.164028
0.640578
0.343063
0.740828
0.271773
0.979388
0.562520
0.555458
0.039815
0.913230
0.464568
0.097668
0.748540
0.882659
0.863439
0.783128
0.213782
0.531414
0.832561
0.148693
0.013327
0.456775
0.523196
0.451735
0.695472
0.874361
0.558146
0.422449
0.264076
0.291956
0.539418
0.428104
0.932534
0.882481
0.168931
0.204307
0.861869
0.731452
0.759764
0.901684
0.644682
0.224333
0.999351
0.393221
0.106992
0.862791
0.176350
0.320774
0.394205
0.008910
0.469467
0.407531
0.465685
0.992663
0.859266
0.161156
0.867024
0.417413
0.583606
0.131100
0.709369
0.123024
0.559204
0.641903
0.005505
0.728135
0.846209
0.867374
0.459587
0.605973
0.769058
0.104268
0.830307
0.768409
0.497489
0.937299
0.631200
0.673839
0.258073
0.025405
0.682748
0.727540
0.432936
0.148433
0.720203
0.292202
0.309590
0.587227
0.709615
0.893195
0.718327
0.418983
0.016219
0.277530
0.060886
0.021725
0.005665
0.907095
0.889098
0.465251
0.513069
0.658156
0.569519
0.343376
0.426565
0.067008
0.280674
0.057765
0.740847
0.538746
0.083170
0.423596
0.266286
0.516105
0.572029
0.986489
0.808307
0.881618
0.573716
0.517922
0.774814
0.292042
0.936905
0.791033
0.569572
0.997791
0.812758
0.575237
0.904886
0.701856
0.040488
0.417955
0.360012
0.610007
0.761330
0.786577
0.677016
0.042004
0.844342
0.417863
0.580750
0.927512
0.841458
0.847037
0.443617
0.413487
0.833526
0.251924
0.295105
0.407242
0.769846
0.069919
0.699284
0.706751
0.860952
0.268857
0.704542
0.673710
0.844093
0.609428
0.375566
0.884581
0.027383
0.735578
0.494589
0.788713
0.522155
0.171604
0.830717
0.366497
0.589467
0.411467
0.294009
0.430926
0.258504
0.737626
0.844412
0.092030
0.989550
0.139517
0.499272
0.759396
0.209437
0.198557
0.466147
0.070389
0.467413
0.170689
0.744099
0.311506
0.780118
0.119664
0.196088
0.807501
0.855242
0.690676
0.596214
0.377397
0.862281
0.426931
0.743894
0.451748
0.838399
0.037903
0.882673
0.096904
0.775529
0.727086
0.188934
0.765078
0.866603
0.688206
0.524474
0.076040
0.886763
0.990621
0.146429
0.354175
0.161310
0.890528
0.665682
0.941428
0.010193
0.861770
0.748929
0.865436
0.552446
0.345143
0.242833
0.414727
0.772075
0.986727
0.866475
0.610475
0.024630
0.749148
0.707378
0.800159
0.476234
0.896312
0.565237
0.342837
0.584518
0.089711
0.418877
0.471281
0.080332
0.565307
0.825456
0.241641
0.455835
0.491138
0.183069
0.466029
0.352908
0.931998
0.331464
0.905354
0.277142
0.574297
0.320081
0.049217
0.561024
0.186556
0.659691
0.585654
0.935704
0.367070
0.385812
0.411937
0.263382
0.951049
0.754774
0.847900
0.040760
0.173652
0.319181
0.121092
0.738959
0.144638
0.362733
0.194794
0.635776
0.545802
0.660823
0.988684
0.477801
0.992287
0.894037
0.754942
0.566583
0.214118
0.804159
0.127607
0.400674
0.463850
0.713260
0.336378
0.830920
0.099073
0.748315
0.094302
0.050122
0.503089
0.942202
0.090883
0.676741
0.261383
0.211974
0.415700
0.406021
0.574707
0.610494
0.041796
0.120509
0.271317
0.030481
0.598310
0.263603
0.924518
0.353252
0.830186
0.138636
0.157411
0.957793
0.539310
0.621262
0.671054
0.875687
0.452182
0.770127
0.624002
0.546484
0.820249
0.127091
0.488686
0.911131
0.803832
0.750069
0.123105
0.219532
0.156090
0.697812
0.830026
0.197887
0.818321
0.101342
0.228368
0.416631
0.364945
0.152885
0.769883
0.195131
0.291522
0.927295
0.152925
0.830831
0.548556
0.823979
0.706519
0.000739
0.594105
0.330521
0.547222
0.414354
0.457612
0.035907
0.325485
0.261444
0.785977
0.448590
0.480976
0.942068
0.146401
0.311001
0.139955
0.964722
0.412343
0.368322
0.381353
0.777288
0.521208
0.151237
0.972420
0.812729
0.078531
0.125345
0.643561
0.627087
0.949324
0.350079
0.627826
0.543429
0.680600
0.175048
0.957783
0.138212
0.210956
0.283268
0.399656
0.996933
0.731857
0.880632
0.939001
0.878259
0.191633
0.078956
0.842981
0.603976
0.447278
0.224334
0.381265
0.968486
0.375571
0.353685
0.781215
0.454102
0.479030
0.424776
0.081189
0.428353
0.774856
0.709015
0.971782
0.455456
0.884063
0.929565
0.593667
0.095019
0.212833
0.993323
0.091951
0.944690
0.873955
0.030952
0.822949
0.065587
0.109908
0.665930
0.669564
0.557186
0.890264
0.050829
0.525671
0.265835
0.404513
0.306887
0.719936
0.883542
0.731663
0.801126
0.311896
0.506519
0.510141
0.283678
0.961974
0.394203
0.213242
0.555642
0.489222
0.426076
0.548965
0.581173
0.370766
0.422919
0.612125
0.193715
0.488507
0.722033
0.859645
0.158071
0.279218
0.749909
0.208898
0.804890
0.015744
0.613411
0.111777
0.735680
0.496954
0.843440
0.536805
0.808849
0.349958
0.046946
0.092527
0.311932
0.441149
0.305770
0.867574
0.930371
0.731845
0.416539
0.511544
0.102611
0.839458
0.123670
0.296326
0.327964
0.845702
0.155971
0.486035
0.124921
0.905880
0.694933
0.929810
0.921623
0.308345
0.041587
0.657303
0.805299
0.885027
0.194108
0.614148
0.234984
0.241054
0.706675
0.546917
0.682203
0.012445
0.414491
0.612574
0.744290
0.831029
0.124118
0.846902
0.670487
0.247788
0.143228
0.998452
0.093490
0.299199
0.484487
0.218410
0.205079
0.179420
0.148221
0.126702
0.487765
0.189808
0.784005
0.293064
0.074834
0.978114
0.907212
0.309819
0.219168
0.613887
0.856736
0.901371
0.626333
0.271227
0.513946
0.370623
0.102257
0.638064
0.217525
0.772744
0.885852
0.360753
0.771195
0.979342
0.659952
0.255682
0.197752
0.865031
0.435102
0.345973
0.991733
0.922867
0.535780
0.775739
0.215930
0.610614
0.753852
0.123143
0.920433
0.973020
0.737030
0.777169
0.874392
0.363362
0.048396
0.388338
0.733985
0.150652
0.026402
0.951510
0.923396
0.912254
0.312262
0.694591
0.891596
0.972215
0.950273
0.089348
0.837246
0.385374
0.435320
0.828979
0.308241
0.971100
0.604718
0.524172
0.581715
0.358570
0.647314
0.502148
0.331590
0.384343
0.279317
0.205983
0.747706
0.327713
0.594320
0.481691
0.478365
0.620722
0.433200
0.401761
0.532976
0.745463
0.096352
0.424571
0.717677
0.046625
0.513919
0.554923
0.432000
0.949239
0.383902
0.740241
0.920339
0.988620
0.264413
0.502054
0.347190
0.911726
0.004202
0.678780
0.296070
0.283519
0.884763
0.043775
0.611232
0.479083
0.525466
0.089597
0.099804
0.958666
0.491358
0.632780
0.704129
0.587710
0.057352
0.421807
0.634334
0.571270
0.976730
0.066334
0.520509
0.360631
0.806574
0.440849
0.349251
0.070986
0.942903
0.696441
0.982713
0.947105
0.375221
0.278783
0.230624
0.259984
0.322558
0.841856
0.739067
0.848024
0.931453
0.838871
0.806690
0.422811
0.471651
0.510820
0.010521
0.529003
0.932626
0.644856
0.100274
0.909356
0.711189
0.620783
0.269988
0.517763
0.061632
0.619238
0.588750
0.004535
0.315680
0.571463
0.951639
0.690901
0.850246
0.182263
0.950885
0.172803
0.024119
0.689951
0.020828
0.955573
0.528822
0.827518
0.378385
0.000474
0.338338
0.388906
0.529477
0.270964
0.033761
0.629751
0.180320
0.744950
0.250534
0.450307
0.262714
0.312165
0.069545
0.851464
0.316700
0.385225
0.422927
0.268340
0.076126
0.273172
0.450603
0.027011
0.445976
0.474723
0.716962
0.466804
0.430296
0.245784
0.294322
0.808680
0.246258
0.632659
0.197586
0.775735
0.903623
0.231347
0.405486
0.083943
0.976298
0.656020
0.534250
0.239011
0.968185
0.603796
0.090476
0.284886
0.989021
0.513403
0.553225
0.065147
0.786575
0.003829
0.092158
0.232551
0.478551
0.809120
0.699355
0.908847
0.054903
0.993677
0.717528
0.301162
0.626336
0.915114
0.076897
0.529960
0.146462
0.482383
0.613903
0.122759
0.138402
0.148153
0.361771
0.106588
0.751949
0.452247
0.391474
0.740970
0.965649
0.944699
0.806118
0.752224
0.948527
0.898275
0.984775
0.427079
0.707395
0.684130
0.335926
0.762299
0.677807
0.053453
0.063461
0.304143
0.968567
0.140357
0.834102
0.115029
0.622740
0.448005
0.237788
0.761142
0.596158
0.599559
0.867730
0.348106
0.051807
0.259203
0.089077
0.017456
0.203902
0.895194
0.769680
0.152429
0.793470
0.754455
0.579508
0.500865
0.438586
0.915434
0.263163
0.116392
0.968887
0.326624
0.420534
0.937455
0.466981
0.254636
0.052484
0.089722
0.702642
0.290272
0.850864
0.298799
0.889831
0.718594
0.646906
0.941638
0.977797
0.735983
0.959094
0.181700
0.631178
0.728774
0.334129
0.424647
0.483229
0.913637
0.925512
0.921815
0.829071
0.188676
0.038207
0.797958
0.515300
0.458741
0.735413
0.982281
0.713378
0.787897
0.072002
0.416019
0.078169
0.922866
0.714819
0.968000
0.641460
0.361725
0.909638
0.619258
0.097708
0.868731
0.800957
0.728885
0.597505
0.135087
0.153532
0.080734
0.048724
0.079045
0.002549
0.877794
0.267720
0.040755
0.675752
0.783020
0.499497
0.411165
0.765302
0.212875
0.199062
0.837304
0.628894
0.277231
0.760171
0.343713
0.245231
0.401631
0.705437
0.154868
0.020889
0.803145
0.023599
0.821846
0.532030
0.621104
0.956933
0.685563
0.701838
0.005656
0.764608
0.704387
0.883451
0.032328
0.745143
0.559204
0.815348
0.244639
0.970369
0.580649
0.457514
0.169431
0.417954
0.086408
0.446662
0.178124
0.430120
0.691892
0.579756
0.135558
0.846760
0.600644
0.938703
0.870359
0.422491
0.470733
0.491464
0.379424
0.156296
0.193302
0.385080
0.920904
0.897689
0.268531
0.953232
0.642832
0.827734
0.768580
0.887471
0.798103
0.349229
0.344985
0.967534
0.767183
0.431393
0.414196
0.945308
0.861514
0.106088
0.525063
0.997072
0.952849
0.125708
0.935775
0.823208
0.548199
0.406508
0.314672
0.927622
0.562805
0.507974
0.312702
0.483709
0.405663
0.581233
0.436941
0.048495
0.408967
0.205520
0.935966
0.207071
0.554749
0.280951
0.174604
0.321932
0.712344
0.588800
0.267240
0.573858
0.694889
0.792303
0.570929
0.647737
0.918011
0.506704
0.470945
0.466210
0.913213
0.785617
0.393832
0.476018
0.293590
0.706534
0.959727
0.699253
0.287768
0.396668
0.747748
0.696735
0.602188
0.683713
0.903805
0.156937
0.964664
0.078409
0.478870
0.677008
0.667209
0.746110
0.250866
0.362098
0.538413
0.821795
0.009835
0.456425
0.328499
0.480780
0.922634
0.241712
0.266397
0.316467
0.717730
0.559987
0.023001
0.677457
0.259240
0.310768
0.074124
0.006988
0.007503
0.676312
0.690701
0.911308
0.833249
0.655366
0.989717
0.312119
0.332374
0.656926
0.058229
0.583240
0.019025
0.596642
0.405035
0.028859
0.053066
0.733534
0.509639
0.975701
0.975246
0.776036
0.292168
0.692977
0.336024
0.315168
0.370433
0.595264
0.625937
0.444557
0.602253
0.633440
0.120870
0.292954
0.544748
0.954119
0.948320
0.534465
0.266238
0.280693
0.191391
0.324467
0.863933
0.210416
0.921109
0.268967
0.239275
0.974175
0.002502
0.748915
0.949876
0.977748
0.524951
0.242043
0.670725
0.860975
0.557212
0.041158
0.456239
0.183149
0.485716
0.058492
0.816589
0.606585
0.351446
0.361337
0.560704
0.299765
0.895802
0.826941
0.580459
0.087193
0.151408
0.444391
0.297609
0.072516
0.713359
0.536884
0.046692
0.715860
0.285798
0.996568
0.693608
0.810749
0.238611
0.364333
0.671724
0.795823
0.405491
0.127963
0.978972
0.891206
0.186455
0.795560
0.497791
0.537900
0.156897
0.058495
0.837666
0.052699
0.885436
0.418125
0.139891
0.036844
0.862516
0.437500
0.109361
0.575874
0.974384
0.156053
0.291734
0.260182
0.152621
0.985343
0.070931
0.391232
0.349676
0.742655
0.187055
0.755167
0.870617
0.166026
0.646373
0.057072
0.961587
0.144164
0.594972
0.118483
0.202659
0.432638
0.171181
0.088095
0.850763
0.311073
0.124939
0.713279
0.748573
0.234301
0.289153
0.722957
0.390354
0.580887
0.983138
0.542974
0.566230
0.054069
0.934206
0.915905
0.796724
0.121261
0.671072
0.667341
0.287287
0.317445
0.724413
0.248874
0.461608
0.319385
0.367358
0.664267
0.752024
0.538539
0.752363
0.602787
0.849612
0.877302
0.316065
0.598185
0.111603
0.605218
0.321142
0.501957
0.186105
0.304280
0.044931
0.752335
0.358349
0.979138
0.668240
0.155073
0.100399
0.339312
0.822414
0.387686
0.656757
0.546827
0.636560
0.118366
0.866213
0.003917
0.782633
0.618237
0.542457
0.534995
0.221023
0.392069
0.412298
0.537088
0.990254
0.523901
0.142306
0.311396
0.025858
0.328411
0.615676
0.070789
0.080745
0.974026
0.049927
0.748986
0.129099
0.150326
0.088298
0.951513
0.538011
0.745055
0.498340
0.174571
0.863420
0.364552
0.178489
0.646053
0.982789
0.720945
0.181049
0.203812
0.113014
0.593346
0.740900
0.103269
0.117247
0.883206
0.414664
0.143105
0.211617
0.030340
0.213894
0.292362
0.004366
0.263820
0.041348
0.133464
0.414146
0.129647
0.084978
0.952156
0.874701
0.583317
0.126728
0.738122
0.947869
0.305217
0.384175
0.930658
0.026162
0.565223
0.134470
0.139176
0.158570
0.875370
0.242444
0.275817
0.758575
0.657109
0.418921
0.970192
0.687449
0.632815
0.262554
0.691815
0.896635
0.303902
0.825280
0.310781
0.433549
0.910258
0.262937
0.308250
0.493575
0.389665
0.046371
0.441444
0.694881
0.430546
0.372102
0.721043
0.995770
0.506572
0.860219
0.154339
0.381942
0.102663
0.430156
0.140518
0.759772
0.849078
0.110709
0.447222
0.481893
0.373263
0.139036
0.378528
0.677166
0.964317
0.689309
0.110715
0.874574
0.952246
0.418964
0.368149
0.341911
0.465336
0.809593
0.036792
0.895882
0.181696
0.757835
0.891652
0.688268
0.618054
0.045992
0.070210
0.720718
0.476148
0.210727
0.480490
0.325226
0.321436
0.927711
0.807118
0.694700
0.066748
0.185647
0.371866
0.031065
0.874955
0.482581
0.905639
0.827201
0.901545
0.273789
0.169113
0.366881
0.083382
0.205905
0.262764
0.265077
0.963740
0.154415
0.953346
0.581794
0.200407
0.023555
0.302512
0.676555
0.234283
0.783002
0.001780
0.555719
0.710714
0.808899
0.250419
0.777462
0.994545
0.622285
0.808527
0.869501
0.104866
0.714166
0.696702
0.006411
0.987954
0.865815
0.373292
0.071336
0.071719
0.636056
0.336413
0.035459
0.790472
0.289759
0.617254
0.990879
0.313315
0.919766
0.667434
0.547597
0.702768
0.669214
0.103316
0.413481
0.478113
0.353735
0.190943
0.472658
0.976020
0.999469
0.342159
0.080886
0.713635
0.038861
0.087297
0.701589
0.904676
0.460590
0.772925
0.976395
0.096646
0.109339
0.011854
0.887118
0.399098
0.629108
0.877997
0.712412
0.548874
0.545430
0.260009
0.251642
0.214645
0.363324
0.665123
0.692758
0.717059
0.856066
0.165416
0.693080
0.855536
0.507575
0.773966
0.569171
0.546436
0.861263
0.270760
0.451112
0.321853
0.043685
0.427507
0.418499
0.153024
0.439362
0.305617
0.552122
0.068469
0.183613
0.264533
0.617344
0.729044
0.524542
0.868986
0.943688
0.887867
0.534109
0.636446
0.604926
0.390175
0.801862
0.298006
0.245711
0.309436
0.071972
0.814882
0.855872
0.933235
0.085642
0.306984
0.255088
0.129327
0.734490
0.673587
0.282351
0.173852
0.979203
0.834473
0.242321
0.162817
0.099007
0.859665
0.891860
0.623549
0.728651
0.835548
0.511416
0.262759
0.471994
0.116342
0.652935
0.273855
0.414348
0.898646
0.583292
0.486320
0.713528
0.439164
0.419554
0.799169
0.746148
0.674642
0.928497
0.480638
0.348229
0.210849
0.654490
0.327432
0.045322
0.896811
0.490249
0.144329
0.756476
0.382108
0.767878
0.485127
0.217656
0.279293
0.747887
0.689650
0.395636
0.400822
0.963506
0.809984
0.299467
0.546797
0.296303
0.012995
0.985961
0.715858
0.812164
0.732108
0.390500
0.740661
0.212747
0.738729
0.951510
0.867236
0.066161
0.996831
0.764047
0.556409
0.141160
0.520523
0.938518
0.909038
0.005650
0.156174
0.188331
0.753536
0.845824
0.583967
0.154358
0.809330
0.393951
0.453825
0.356126
0.690255
0.466820
0.342088
0.406113
0.278985
0.074196
0.796613
0.019646
0.286943
0.535342
0.971156
0.154179
0.601503
0.967987
0.918226
0.157912
0.109147
0.438750
0.096430
0.018185
0.444399
0.252604
0.206516
0.197936
0.098428
0.790483
0.352294
0.907758
0.184434
0.806119
0.263884
0.874689
0.272940
0.605972
0.280802
0.551924
0.680169
0.077414
0.571570
0.967111
0.612757
0.542726
0.121290
0.214260
0.510713
0.039516
0.372173
0.619861
0.478265
0.468603
0.638046
0.922665
0.721207
0.844561
0.120601
0.819635
0.635044
0.472894
0.727392
0.819478
0.279014
0.991277
0.694166
0.551953
0.597249
0.974968
0.103877
0.277417
0.052382
0.675448
0.244528
0.665139
0.218174
0.365818
0.879399
0.728887
0.405334
0.251572
0.348748
0.883599
0.720174
0.986793
0.806264
0.441381
0.831355
0.926865
0.261016
0.466399
0.399759
0.988408
0.285876
0.678773
0.979684
0.980043
0.230726
0.576933
0.955011
0.334603
0.854350
0.007394
0.010050
0.098878
0.672533
0.228224
0.464696
0.551932
0.957111
0.870030
0.803504
0.305860
0.753630
0.523678
0.292653
0.559894
0.965060
0.124008
0.486759
0.226076
0.590406
0.886518
0.214484
0.876283
0.565290
0.194168
0.856326
0.796016
0.771101
0.811337
0.130618
0.625451
0.818730
0.140669
0.724329
0.491262
0.368893
0.189025
0.043194
0.326005
0.059055
0.846698
0.631864
0.812685
0.370377
0.924517
0.372579
0.335437
0.048524
0.859337
0.561512
0.638931
0.745855
0.775995
0.515213
0.311145
0.970163
0.371539
0.107161
0.741263
0.182876
0.237779
0.366714
0.001606
0.378448
0.091043
0.492868
0.747341
0.280068
0.536062
0.073346
0.339123
0.382761
0.705210
0.151808
0.753138
0.629727
0.524387
0.088574
0.678251
0.383724
0.650086
0.317182
0.129579
0.426080
0.832395
0.440724
0.396243
0.203935
0.547884
0.137507
0.386810
0.785663
0.504220
0.388416
0.164111
0.595263
0.881284
0.911453
0.875331
0.417346
0.984799
0.214454
0.800107
0.690009
0.366262
0.553245
0.319736
0.890648
0.641818
0.997987
0.274372
0.291904
0.315170
0.403951
0.717985
0.147565
0.844675
0.114228
0.351499
0.392559
0.251735
0.738309
0.178223
0.755956
0.126725
0.342335
0.351219
0.008009
0.253788
0.226550
0.425355
0.238587
0.441004
0.225462
0.928596
0.807266
0.778707
0.248332
0.697914
0.420525
0.246319
0.972286
0.712429
0.561488
0.376237
0.430414
0.709053
0.220912
0.544642
0.060552
0.613471
0.796377
0.798862
0.791694
0.552333
0.925587
0.134028
0.903552
0.933595
0.387815
0.130102
0.358950
0.626402
0.571106
0.584412
0.554997
0.378372
0.363119
0.803329
0.076286
0.783645
0.049648
0.048573
0.496074
0.611137
0.424810
0.926488
0.320190
0.645722
0.471131
0.380742
0.259193
0.267508
0.179604
0.050887
0.819840
0.105191
0.184915
0.723392
0.038786
0.572730
0.853494
0.397736
0.199132
0.424600
0.982149
0.754130
0.802972
0.345268
0.557459
0.879258
0.128913
0.607107
0.927831
0.624987
0.218244
0.352641
0.551475
0.538434
0.998363
0.022606
0.919177
0.257556
0.290113
0.098781
0.308443
0.109954
0.203972
0.493358
0.833346
0.242758
0.066088
0.686840
0.640495
0.265221
0.111440
0.622644
0.019350
0.914412
0.967912
0.576809
0.793669
0.096825
0.183916
0.721500
0.721812
0.402161
0.074141
0.273287
0.940595
0.072503
0.295893
0.859772
0.330060
0.586006
0.958554
0.638502
0.695960
0.162526
0.131861
0.529305
0.405284
0.197949
0.216146
0.045779
0.463169
0.327585
0.668423
0.482519
0.241997
0.636335
0.059327
0.035666
0.733161
0.243244
0.757167
0.454973
0.645404
0.831308
0.728260
0.585999
0.903811
0.024153
0.445771
0.233870
0.610159
0.404325
0.872373
0.306118
0.566851
0.004234
0.835424
0.972135
0.202182
0.051570
0.017915
0.665351
0.379155
0.686337
0.147870
0.621152
0.322673
0.207197
0.656819
0.055834
0.450441
0.413986
0.510806
0.095845
0.245293
0.239066
0.681845
0.149105
0.263219
0.127616
0.382975
0.873378
0.531942
0.255349
0.179497
0.098793
0.259582
0.014922
0.070928
0.461764
0.066491
0.088842
0.127115
0.445647
0.775180
0.274986
0.066799
0.097852
0.482183
0.723618
0.153686
0.932625
0.137604
0.664492
0.028471
0.382897
0.903559
0.710316
0.532001
0.166778
0.837932
0.914977
0.040156
0.369874
0.170325
0.219653
0.468667
0.429907
0.234575
0.539595
0.891672
0.301067
0.628437
0.018787
0.746713
0.403617
0.293773
0.813513
0.501469
0.775957
0.537131
0.655155
0.708582
0.674735
0.319647
0.737053
0.057633
0.223206
0.447369
0.589634
0.389984
0.285301
0.504611
0.430140
0.655175
0.674935
0.649794
0.123842
0.104843
0.884369
0.663437
0.996514
0.185436
0.291874
0.015302
0.932149
0.695491
0.309075
0.745662
0.196959
0.085032
0.282793
0.852115
0.793613
0.957528
0.171761
0.530666
0.015161
0.394967
0.978034
0.604794
0.784950
0.263335
0.109405
0.215091
0.918510
0.784340
0.864885
0.042352
0.889182
0.749253
0.705789
0.885697
0.934689
0.997663
0.900998
0.866838
0.693154
0.210073
0.612500
0.890114
0.295105
0.895293
0.742228
0.088718
0.852821
0.913990
0.619384
0.867981
0.308956
0.597418
0.472776
0.093907
0.860753
0.582180
0.308998
0.779263
0.366520
0.173882
0.821616
0.255703
0.923136
0.527405
0.141399
0.857825
0.525068
0.042398
0.724662
0.218222
0.252471
0.337162
0.108336
0.547576
0.232455
0.850564
0.636295
0.085275
0.764554
0.255679
0.953257
0.073510
0.853097
0.426033
0.167418
0.713851
0.008213
0.476415
0.493114
0.374733
0.650298
0.314729
0.630436
0.573433
0.842134
0.771835
0.431258
0.367202
0.814233
0.155920
0.585424
0.066704
0.493082
0.693760
0.614281
0.725537
0.544324
0.250575
0.810813
0.308878
0.506254
0.764070
0.382388
0.359351
0.190102
0.549806
0.073201
0.198315
0.026221
0.566316
0.573048
0.676519
0.881045
0.203484
0.249952
0.723178
0.975319
0.681210
0.090381
0.789552
0.837130
0.675804
0.856257
0.330213
0.369564
0.470537
0.055750
0.913887
0.721112
0.866563
0.222765
0.227366
0.630632
0.605153
0.586718
0.820735
0.154959
0.659919
0.019050
0.181180
0.226234
0.592098
0.857699
0.107279
0.795582
0.107651
0.830457
0.770902
0.788861
0.920838
0.560454
0.625991
0.596641
0.416711
0.956204
0.966205
0.887248
0.011954
0.880092
0.608360
0.878517
0.102858
0.835726
0.509149
0.708011
0.422443
0.329884
0.862970
0.082363
0.348934
0.044151
0.308597
0.941032
0.901849
0.415876
0.736615
0.009501
0.246333
0.507516
0.798361
0.167171
0.067971
0.424352
0.763812
0.484681
0.380556
0.730017
0.371929
0.392510
0.610109
0.980289
0.271027
0.712967
0.816015
0.780176
0.420978
0.238459
0.110060
0.283948
0.320822
0.458994
0.328099
0.629419
0.400026
0.229949
0.045294
0.136641
0.239449
0.291628
0.644157
0.037810
0.458799
0.712128
0.462162
0.222611
0.196809
0.842718
0.952628
0.568738
0.235228
0.562737
0.549027
0.506255
0.275704
0.365042
0.286431
0.696682
0.603501
0.396490
0.980631
0.924323
0.855484
0.308730
0.553742
0.255510
0.538678
0.599036
0.392151
0.778127
0.890664
0.036308
0.815937
0.349462
0.748437
0.278100
0.572073
0.945246
0.120818
0.524701
0.513984
0.356046
0.087439
0.063010
0.862301
0.363142
0.428052
0.148732
0.059825
0.031553
0.545222
0.040456
0.955877
0.400706
0.349186
0.509618
0.656216
0.887864
0.108654
0.048367
0.665992
0.999318
0.084676
0.481928
0.348781
0.833113
0.760028
0.920854
0.778358
0.880846
0.445555
0.292342
0.236891
0.532993
0.355353
0.099193
0.896136
0.783405
0.247924
0.955961
0.814959
0.793146
0.996417
0.770836
0.193852
0.345602
0.280454
0.850069
0.233467
0.389109
0.898436
0.899458
0.388426
0.983113
0.381387
0.737207
0.816225
0.141414
0.658061
0.594584
0.022260
0.103617
0.886926
0.259152
0.636610
0.242278
0.358344
0.532746
0.025683
0.606268
0.488707
0.840642
0.399414
0.485124
0.611478
0.593267
0.830726
0.891932
0.443336
0.064193
0.281041
0.341772
0.963651
0.669467
0.324884
0.345038
0.406674
0.141110
0.486453
0.064737
0.735693
0.508713
0.168353
0.622619
0.767865
0.804963
0.864897
0.126209
0.337709
0.890580
0.732478
0.826416
0.731222
0.131892
0.311540
0.342701
0.725159
0.142267
0.234633
0.168494
0.206460
0.515674
0.510266
0.170111
0.185141
0.835150
0.515148
0.591816
0.976260
0.001601
0.656552
0.711953
0.510314
0.824905
0.334572
0.278179
0.629867
0.199469
0.404388
0.967577
0.090049
0.136866
0.793993
0.821272
0.268758
0.105533
0.163973
0.993916
0.247799
0.398605
0.162410
0.454259
0.914279
0.672677
0.624369
0.099421
0.507827
0.139517
0.691236
0.484087
0.141118
0.347788
0.196040
0.651433
0.172693
0.530613
0.929612
0.802560
0.730082
0.334000
0.770137
0.820131
0.470866
0.564130
0.641403
0.739624
0.669663
0.805376
0.733540
0.917462
0.203982
0.895951
0.371721
0.118261
0.568628
0.996090
0.217681
0.076455
0.135607
0.908918
0.560542
0.276726
0.256706
0.756582
0.928159
0.429399
0.287195
0.857771
0.231959
0.017277
0.191771
0.002096
0.837408
0.662637
0.566226
0.478812
0.402262
0.235889
0.284187
0.135803
0.153351
0.488169
0.031753
0.525071
0.606430
0.600381
0.521162
0.824111
0.676836
0.656769
0.733029
0.237378
0.933495
0.989735
0.993960
0.861654
0.419133
0.281155
0.719425
0.651092
0.298432
0.911196
0.653189
0.135841
0.573834
0.219415
0.614653
0.976096
0.455303
0.898840
0.111898
0.608654
0.387010
0.143651
0.133725
0.993439
0.744032
0.654886
0.817551
0.420868
0.311656
0.550579
0.658246
0.245151
0.540314
0.652206
0.106805
0.959447
0.933362
0.826230
0.610540
0.231794
0.737426
0.263728
0.367635
0.311260
0.483142
0.982288
0.287356
0.938445
0.881128
0.399254
0.547099
0.268138
0.542905
0.680824
0.261577
0.286937
0.335710
0.079128
0.707806
0.647365
0.629707
0.366052
0.892516
0.170021
0.018258
0.999320
0.129468
0.951619
0.825550
0.740008
0.183414
0.562976
0.003737
0.551049
0.874237
0.486879
0.533337
0.161593
0.425325
0.414465
0.560847
0.972423
0.682602
0.103752
0.653247
0.944179
0.390689
0.988957
0.023306
0.098495
0.636322
0.653013
0.464546
0.528838
0.823034
0.482804
0.528158
0.952503
0.434424
0.353709
0.692511
0.617837
0.916685
0.696247
0.168886
0.790922
0.183126
0.702223
0.952515
0.608451
0.116687
0.513362
0.580874
0.799289
0.617114
0.234121
0.743468
0.007803
0.223078
0.766774
0.106298
0.859400
0.419788
0.570845
0.388239
0.242822
0.053648
0.916397
0.195324
0.488072
0.270106
0.887836
0.105910
0.186791
0.584083
0.274796
0.977713
0.767210
0.977018
0.930229
0.375661
0.093706
0.443591
0.956535
0.892995
0.060704
0.190656
0.636463
0.068507
0.413734
0.403237
0.174805
0.273134
0.823025
0.745649
0.661373
0.065847
0.799298
0.577770
0.261171
0.287371
0.847876
0.149007
0.393280
0.034667
0.733090
0.668076
0.012381
0.500299
0.645094
0.942609
0.875960
0.738800
0.386199
0.832494
0.631794
0.446904
0.023150
0.268257
0.515411
0.436884
0.671494
0.690216
0.710018
0.494519
0.435865
0.371390
0.560366
0.235163
0.949160
0.821537
0.522534
0.797036
0.970544
0.915814
0.831703
0.703634
0.583891
0.844083
0.203933
0.228985
0.786692
0.079893
0.967785
0.172891
0.912387
0.599579
0.619795
0.935537
0.867836
0.135205
0.372421
0.539330
0.825421
0.082440
0.033849
0.261286
0.453830
0.594215
0.496450
0.402990
0.415752
0.018984
0.200027
0.386296
0.934799
0.031730
0.089929
0.518689
0.875813
0.293862
0.747674
0.662505
0.373755
0.715458
0.835396
0.286143
0.315037
0.455191
0.221680
0.182873
0.590396
0.594101
0.722203
0.415818
0.676540
0.756052
0.677104
0.130370
0.350267
0.173554
0.533360
0.766019
0.192539
0.733387
0.152315
0.127337
0.765116
0.242244
0.646026
0.640929
0.536107
0.393700
0.303434
0.909862
0.109159
0.138830
0.196004
0.424196
0.594021
0.417684
0.607069
0.184417
0.011785
0.329272
0.600235
0.688325
0.085325
0.277339
0.818695
0.435591
0.450893
0.352055
0.201610
0.643432
0.085443
0.353925
0.770769
0.850559
0.596169
0.416795
0.491488
0.132275
0.810495
0.794922
0.042137
0.919654
0.933752
0.238141
0.343850
0.527772
0.655825
0.950919
0.712189
0.667610
0.280191
0.312424
0.355935
0.365515
0.589763
0.174630
0.801107
0.040656
0.526684
0.002716
0.684088
0.612127
0.356641
0.454857
0.462686
0.952810
0.871652
0.954173
0.085086
0.682148
0.749095
0.127223
0.601802
0.682846
0.365365
0.945652
0.210619
0.021190
0.896571
0.922809
0.688800
0.176762
0.235233
0.044735
0.542277
0.824996
0.219363
0.343384
0.865652
0.746048
0.346101
0.549740
0.358175
0.702742
0.004597
0.820860
0.655552
0.876250
0.775034
0.740638
0.558397
0.524128
0.867861
0.160199
0.206975
0.233225
0.105850
0.417594
0.254416
0.002421
0.340402
0.943215
0.179183
0.575635
0.987949
0.721460
0.400631
0.207312
0.064844
0.266283
0.953360
0.410945
0.816024
0.311535
0.113687
0.820621
0.132395
0.769239
0.696871
0.907429
0.509876
0.255268
0.431557
0.377737
0.415467
0.638532
0.610962
0.521318
0.056125
0.865378
0.523739
0.396528
0.808593
0.702922
0.972163
0.796542
0.424383
0.372794
0.003855
0.489227
0.639077
0.957215
0.900172
0.455101
0.268750
0.013858
0.275723
0.401145
0.783097
0.972594
0.308574
0.292973
0.227862
0.740131
0.670710
0.643329
0.378663
0.281672
0.164647
0.434789
0.147050
0.688386
0.831317
0.955643
0.391307
0.803480
0.752185
0.815690
0.176274
0.756039
0.304916
0.815351
0.713254
0.205088
0.270453
0.982004
0.218946
0.546175
0.383149
0.002043
0.518769
0.691723
0.295016
0.746631
0.431854
0.965726
0.389960
0.810517
0.247398
0.554606
0.245305
0.394448
0.242992
0.076622
0.350090
0.634300
0.880102
0.102275
0.449989
0.056376
0.858314
0.754906
0.871728
0.571568
0.959994
0.142181
0.553572
0.178940
0.688356
0.936721
0.180983
0.207124
0.628444
0.475999
0.953755
0.060298
0.441725
0.343715
0.870814
0.689123
0.898321
0.116120
0.083570
0.141313
0.192742
0.433661
0.775613
0.072845
0.535936
0.225603
0.129221
0.394250
0.980508
0.000950
0.965818
0.940502
0.143130
0.519390
0.119442
0.831486
0.456111
0.300425
0.038610
0.084555
0.776424
0.992365
0.144852
0.218149
0.336080
0.015667
0.907271
0.234401
0.131787
0.990842
0.375715
0.324529
0.424503
0.151328
0.397374
0.960439
0.376930
0.526595
0.354689
0.357438
0.527545
0.320507
0.297940
0.670675
0.839897
0.417381
0.502161
0.296009
0.717806
0.540771
0.380563
0.494230
0.533136
0.525416
0.712379
0.869216
0.541083
0.619650
0.103617
0.672869
0.610492
0.479332
0.997398
0.034994
0.630660
0.394773
0.995433
0.007590
0.921368
0.350122
0.365028
0.448913
0.670629
0.662968
0.119588
0.510526
0.080349
0.621748
0.806534
0.798155
0.162518
0.187097
0.292385
0.695655
0.712513
0.004764
0.564870
0.253595
0.624414
0.668488
0.926465
0.234906
0.147820
0.923863
0.269900
0.778480
0.318636
0.265333
0.786070
0.240003
0.615455
0.151098
0.688916
0.286084
0.814066
0.808504
0.796610
0.894415
0.430252
0.603145
0.692570
0.592770
0.790242
0.984955
0.288425
0.502755
0.989719
0.853295
0.756351
0.614133
0.521783
0.682815
0.849039
0.669603
0.606678
0.118939
0.448082
0.925314
0.384272
0.234152
0.165318
0.999727
0.385250
0.854233
0.285811
0.199316
0.662737
0.082421
0.093731
0.092989
0.685567
0.786301
0.685760
0.475809
0.771257
0.974185
0.978564
0.760976
0.827480
0.734915
0.375109
0.349263
0.417730
0.224148
0.018866
0.024408
0.343087
0.466948
0.949722
0.727359
0.701100
0.115039
0.727086
0.086350
0.969273
0.012897
0.285667
0.632010
0.095318
0.379398
0.724999
0.780885
0.165699
0.410758
0.256694
0.936956
0.384943
0.235258
0.697932
0.212423
0.970173
0.073041
0.561686
0.387903
0.297189
0.580551
0.412311
0.640275
0.047499
0.362033
0.367633
0.748599
0.477072
0.094719
0.834950
0.446344
0.107616
0.120616
0.078354
0.202934
0.500014
0.803353
0.983820
0.665713
0.214112
0.240514
0.602669
0.599055
0.475772
0.300600
0.811478
0.445944
0.373641
0.373164
0.833847
0.670830
0.953715
0.246158
0.311105
0.001214
0.608191
0.678739
0.749813
0.085262
0.773458
0.584763
0.531607
0.881074
0.705379
0.609961
0.084008
0.205393
0.413314
0.067828
0.871106
0.627426
0.308342
0.473775
0.226481
0.784113
0.774376
0.037959
0.230057
0.148017
0.411123
0.063905
0.818847
0.364839
0.310063
0.129951
0.366052
0.918254
0.808690
0.115865
0.003517
0.582148
0.700629
0.535124
0.463222
0.406008
0.145086
0.547230
0.611401
0.558400
0.615058
0.482507
0.185826
0.923399
0.956282
0.412307
0.707512
0.730658
0.450267
0.937570
0.878675
0.861390
0.001474
0.697521
0.226228
0.311537
0.827473
0.592280
0.229791
0.636163
0.708146
0.233309
0.218311
0.408775
0.768432
0.681532
0.814783
0.913518
0.228763
0.426184
0.471918
0.843820
0.908691
0.657744
0.767220
0.864973
0.070051
0.474732
0.595631
0.520318
0.412302
0.474306
0.381707
0.413776
0.171828
0.607935
0.725314
0.999301
0.200215
0.955105
0.635463
0.908361
0.188413
0.853774
0.317136
0.956846
0.535306
0.131918
0.870364
0.764069
0.558101
0.342281
0.607889
0.466792
0.000025
0.375108
0.331765
0.070076
0.849841
0.927397
0.590393
0.262143
0.401703
0.972100
0.675919
0.573531
0.580034
0.401233
0.572831
0.780249
0.356338
0.208295
0.688610
0.544751
0.062068
0.005745
0.501597
0.597374
0.137663
0.371960
0.361443
0.695765
0.714241
0.969332
0.162557
0.714266
0.344440
0.494322
0.784341
0.194282
0.421719
0.374734
0.456424
0.823422
0.346834
0.132342
0.396953
0.926868
0.533575
0.969784
0.707118
0.889912
0.178078
0.395727
0.434663
0.240147
0.401473
0.936260
0.837521
0.539136
0.308220
0.198964
0.234900
0.022461
0.168295
0.397457
0.736727
0.512736
0.891779
0.521068
0.707017
0.313499
0.895803
0.163441
0.136921
0.242637
0.295784
0.533873
0.169505
0.829358
0.503657
0.876622
0.719271
0.681735
0.272350
0.153933
0.921882
0.673822
0.090193
0.759403
0.212958
0.398414
0.958366
0.447858
0.420874
0.126662
0.845315
0.157601
0.639398
0.737095
0.678670
0.346416
0.050593
0.574472
0.509857
0.187514
0.817109
0.805641
0.721387
0.986614
0.634999
0.225044
0.863236
0.354269
0.906779
0.135586
0.508203
0.828661
0.809408
0.598396
0.588063
0.022366
0.996810
0.546430
0.470224
0.417684
0.673092
0.315539
0.575285
0.312490
0.052634
0.253955
0.658906
0.103227
0.828427
0.168763
0.290741
0.645536
0.974404
0.012129
0.632150
0.609403
0.237173
0.495386
0.963672
0.143952
0.630971
0.471875
0.972613
0.440379
0.070271
0.560676
0.462745
0.067081
0.107106
0.932968
0.484764
0.780198
0.248507
0.060050
0.092688
0.301142
0.314005
0.751594
0.404370
0.142432
0.920357
0.695111
0.787968
0.894761
0.707240
0.420118
0.504164
0.944413
0.915504
0.467836
0.088365
0.546475
0.939711
0.060978
0.986854
0.009982
0.621654
0.449598
0.077063
0.728760
0.382567
0.561827
0.508958
0.631075
0.621877
0.601646
0.932217
0.935882
0.353241
0.336587
0.078314
0.273598
0.031698
0.866283
0.168359
0.738938
0.286401
0.672523
0.683351
0.201905
0.140359
0.771716
0.748380
0.080069
0.832694
0.735234
0.090051
0.454348
0.184833
0.167114
0.183109
0.567400
0.728941
0.692066
0.198475
0.350818
0.293713
0.130691
0.286700
0.646953
0.467278
0.365014
0.920552
0.498976
0.231297
0.088911
0.237913
0.517698
0.761434
0.921264
0.719603
0.901793
0.692980
0.467983
0.981862
0.525674
0.203218
0.071914
0.980023
0.388050
0.239027
0.163131
0.955450
0.967969
0.855198
0.153925
0.318787
0.148911
0.284616
0.605487
0.795864
0.751894
0.970501
0.716415
0.250869
0.201798
0.805326
0.488783
0.719496
0.566761
0.410047
0.439100
0.468554
0.103027
0.907083
0.450416
0.628702
0.110301
0.522329
0.608725
0.498351
0.761357
0.771856
0.453801
0.729326
0.627053
0.607726
0.048112
0.775964
0.892342
0.653599
0.571827
0.644236
0.624100
0.288243
0.895106
0.825898
0.093570
0.383889
0.545395
0.660330
0.793936
0.984494
0.128883
0.896964
0.891578
0.579299
0.525666
0.001878
0.101629
0.134391
0.500229
0.862986
0.906247
0.954030
0.592312
0.533300
0.561755
0.640424
0.309264
0.454097
0.294023
0.881092
0.098333
0.918123
0.169334
0.993439
0.744021
0.262904
0.377327
0.289416
0.923234
0.171263
0.273911
0.052117
0.068228
0.165488
0.631416
0.593894
0.167366
0.733045
0.728285
0.667595
0.596031
0.634532
0.621625
0.188343
0.167832
0.183380
0.828768
0.477096
0.637477
0.122791
0.358187
0.735810
0.040913
0.527522
0.729249
0.784935
0.790426
0.106577
0.074351
0.713659
0.277840
0.348262
0.765776
0.346067
0.513750
0.397192
0.939961
0.681116
0.130237
0.668246
0.348710
0.726269
0.302778
0.970335
0.914612
0.470610
0.153716
0.743380
0.947706
0.791193
0.866171
0.305894
0.527003
0.907084
0.833416
0.256252
0.692020
0.623841
0.362829
0.766371
0.337500
0.640669
0.114632
0.103277
0.986736
0.628382
0.500469
0.926698
0.309498
0.630707
0.594944
0.658208
0.356976
0.897722
0.628544
0.271588
0.368332
0.782259
0.014969
0.316039
0.573452
0.881139
0.621932
0.100455
0.788223
0.455348
0.356707
0.480243
0.079189
0.719535
0.246614
0.416689
0.360204
0.361246
0.519966
0.346940
0.989628
0.020435
0.273638
0.299126
0.651142
0.868582
0.957334
0.008119
0.766305
0.585878
0.279707
0.134637
0.368137
0.294675
0.450676
0.941589
0.175815
0.072608
0.042044
0.964038
0.527955
0.398750
0.444281
0.607144
0.118286
0.690894
0.023833
0.478490
0.052141
0.543800
0.825431
0.041769
0.564235
0.099069
0.340895
0.215377
0.967652
0.298230
0.223496
0.733956
0.884107
0.503203
0.868594
0.252244
0.797879
0.319269
0.193834
0.973693
0.391876
0.235877
0.937731
0.919832
0.634627
0.382011
0.526976
0.752913
0.072906
0.550810
0.231403
0.125047
0.094610
0.056834
0.166815
0.658845
0.155904
0.507711
0.874222
0.123556
0.805940
0.097718
0.857512
0.690048
0.600921
0.726106
0.942292
0.398800
0.045374
0.136126
0.372493
0.437251
0.372002
0.310223
0.357083
0.006629
0.692235
0.884059
0.759543
0.765141
0.434869
0.990946
0.890187
0.529479
0.047781
0.057003
0.188323
0.203685
0.564714
0.062545
0.327240
0.370653
0.160263
0.184752
0.060702
0.761184
0.910858
0.002994
0.159984
0.956232
0.139119
0.532476
0.393483
0.511121
0.842699
0.750567
0.517751
0.534934
0.634626
0.277293
0.300075
0.069495
0.268239
0.190262
0.598974
0.316020
0.247265
0.787297
0.519705
0.811978
0.849842
0.846945
0.182631
0.010105
0.031697
0.243333
0.771289
0.942555
0.246326
0.931272
0.898787
0.385446
0.463748
0.292270
0.896567
0.306447
0.042837
0.414317
0.841382
0.677463
0.691610
0.141457
0.746958
0.959850
0.331718
0.345931
0.275870
0.578983
0.133229
0.795574
0.390961
0.983070
0.642519
0.573593
0.993175
0.674215
0.816926
0.764463
0.616770
0.063252
0.695735
0.515557
0.448698
0.159483
0.807827
0.345265
0.465931
0.850664
0.759581
0.307312
0.528127
0.451192
0.448769
0.275086
0.411041
0.780487
0.621017
0.686911
0.359470
0.754245
0.482485
0.750431
0.737315
0.125004
0.324024
0.730490
0.799219
0.140949
0.494953
0.415989
0.204201
0.190688
0.931546
0.652899
0.350171
0.739373
0.998163
0.816102
0.590038
0.757745
0.123414
0.118165
0.208936
0.572183
0.393250
0.619978
0.352670
0.014267
0.306889
0.712140
0.768513
0.789374
0.462571
0.505828
0.914378
0.786594
0.236318
0.713597
0.927543
0.731271
0.129586
0.131744
0.921959
0.061132
0.784643
0.272130
0.800505
0.782806
0.088232
0.390543
0.540551
0.211646
0.508708
0.749487
0.783829
0.901959
0.369465
0.136500
0.916226
0.676354
0.848639
0.684740
0.465728
0.311209
0.190568
0.380106
0.097804
0.426886
0.093702
0.025346
0.158156
0.223288
0.157091
0.080115
0.284420
0.941734
0.352245
0.084926
0.724540
0.440477
0.475469
0.265091
0.652123
0.984176
0.014579
0.435953
0.886135
0.384044
0.572452
0.802362
0.060398
0.421091
0.487101
0.526126
0.732300
0.677669
0.906231
0.830104
0.104555
0.999934
0.855450
0.262711
0.223222
0.012541
0.342827
0.507642
0.954275
0.695072
0.592567
0.678815
0.135549
0.068036
0.943907
0.787672
0.052213
0.958486
0.223625
0.938348
0.342530
0.796076
0.740709
0.402928
0.217167
0.227810
0.929054
0.949467
0.905480
0.835285
0.779571
0.010034
0.835219
0.635021
0.272746
0.058441
0.647562
0.615572
0.566083
0.601837
0.310644
0.158650
0.280652
0.446193
0.226687
0.224559
0.233865
0.278900
0.183045
0.457490
0.217247
0.525574
0.253566
0.957957
0.928502
0.470733
0.185767
0.857556
0.420201
0.091247
0.692841
0.199772
0.101281
0.528060
0.834793
0.374026
0.586501
0.482355
0.989599
0.152584
0.084192
0.300244
0.311234
0.364845
0.746437
0.537921
0.589404
0.980302
0.816820
0.772448
0.437792
0.034067
0.298023
0.691358
0.992024
0.226524
0.162091
0.177791
0.084080
0.582292
0.269037
0.776920
0.782063
0.370318
0.304980
0.616857
0.744345
0.891481
0.099212
0.733944
0.044064
0.183404
0.034188
0.355298
0.548249
0.780624
0.893219
0.137653
0.760926
0.710039
0.910101
0.198719
0.744107
0.208123
0.890076
0.736131
0.434648
0.052168
0.913922
0.518727
0.634459
0.182960
0.295647
0.416523
0.553278
0.600628
0.033379
0.297624
0.492108
0.132591
0.031568
0.536172
0.315996
0.065755
0.891470
0.864245
0.846380
0.784689
0.001897
0.607306
0.494729
0.911998
0.806024
0.238836
0.120121
0.696101
0.974966
0.554769
0.748268
0.888888
0.073496
0.382728
0.071847
0.369144
0.799251
0.625126
0.969771
0.832630
0.922749
0.461880
0.965221
0.954317
0.998052
0.281217
0.020072
0.889522
0.145462
0.866452
0.674211
0.147358
0.473758
0.168940
0.059357
0.279783
0.407775
0.179478
0.975884
0.382741
0.734248
0.724152
0.271629
0.807744
0.106881
0.343477
0.176887
0.906131
0.968602
0.146658
0.738761
0.891351
0.608538
0.703983
0.845668
0.606589
0.985200
0.865740
0.496111
0.130661
0.732193
0.170322
0.278020
0.205951
0.339262
0.337377
0.485734
0.747037
0.516856
0.461618
0.129779
0.251103
0.185770
0.401408
0.058846
0.292650
0.744885
0.235734
0.198782
0.713487
0.382392
0.937543
0.604839
0.990929
0.641526
0.450507
0.597518
0.626725
0.316247
0.093629
0.757386
0.048439
0.263951
0.035406
0.254391
0.603214
0.372783
0.740125
0.350251
0.889639
0.201742
0.480029
0.140743
0.387513
0.881438
0.199589
0.680163
0.626323
0.435323
0.878945
0.339810
0.817715
0.816488
0.944649
0.808644
0.458013
0.395156
0.406163
0.084738
0.711402
0.499792
0.842125
0.759842
0.763743
0.877531
0.014233
0.366957
0.250314
0.754357
0.717208
0.139954
0.956100
0.197237
0.280696
0.343613
