0.199531
0.152534
0.435422
0.975175
0.087883
1.695246
0.972552
0.160246
0.282925
0.381399
0.262670
1.300502
0.900889
0.242995
0.221695
0.254582
2.538507
0.610140
0.816825
0.584897
1.839659
1.489020
0.675210
0.473043
0.474366
1.525243
0.597203
0.899288
0.158609
0.592213
0.579657
0.396835
0.887625
1.574642
3.004344
1.116266
0.939980
0.849361
1.717944
1.936472
2.201896
0.052947
0.875612
0.660096
0.311011
1.524333
1.230857
0.208637
0.273068
0.309418
0.997356
0.083477
0.041376
0.130219
0.610617
0.541719
2.348934
2.371241
0.011459
0.052556
0.436233
0.600209
0.476028
2.845607
0.280007
0.399258
0.952957
1.921315
2.317639
0.570869
1.235718
1.564946
0.666575
0.346395
0.320342
1.401732
0.077962
4.020558
2.849726
0.376819
0.285262
0.851643
0.500953
0.340682
1.188702
1.904018
1.227471
0.916073
1.417440
1.267128
1.053003
0.117882
0.185925
0.030320
0.054562
0.534240
0.444800
1.101119
0.311252
0.301837
0.108106
3.765535
0.052813
0.889169
0.314179
0.393845
0.419817
0.422528
0.367589
0.335434
1.074619
0.811438
1.953754
0.054054
1.861085
0.806636
2.339769
0.801765
0.166711
1.082689
0.314470
1.633050
1.480675
0.578905
1.798979
1.746497
1.919865
0.215150
0.679476
0.128793
0.605359
0.905312
0.102796
0.704337
0.204061
0.457760
1.778480
0.749548
1.244493
0.149317
1.673402
0.462806
1.185757
1.110638
0.550093
0.774317
0.253982
0.395645
0.094800
0.474573
4.428740
0.446708
0.201525
1.429562
1.608224
0.017196
0.882379
1.058806
0.236518
0.082643
1.487107
1.092879
1.123636
2.053098
0.186708
1.962487
0.273074
0.001420
0.489246
3.013426
0.150966
0.222273
0.387667
1.799437
2.039874
1.364400
0.467749
0.098991
0.073883
0.623685
0.638845
0.061121
1.738996
1.063096
1.714114
0.978327
1.113718
0.521010
0.324610
2.139553
0.664364
0.052521
0.791957
0.174715
2.561725
1.263569
0.019993
0.176489
1.268602
0.522066
0.119537
1.958275
0.931429
0.569216
1.182558
0.646196
0.196620
0.069453
0.844467
0.287305
0.757429
0.043233
0.369627
0.439176
1.193781
0.137981
3.887001
0.459801
0.765640
0.296634
0.288861
0.020573
0.367951
1.599122
0.199264
0.262245
0.724189
0.223720
0.498354
0.266649
0.934372
0.703479
0.097565
0.239753
2.799679
1.543945
1.168419
0.125186
1.921129
0.300235
0.457893
0.485626
0.359060
1.128224
1.347539
6.567386
1.636178
1.271589
0.457578
0.415881
3.742208
0.962515
0.447231
0.334281
0.537846
0.779295
0.723246
2.677682
1.353757
2.378333
0.180726
0.429091
0.531767
0.298800
0.825712
0.433255
0.045788
0.289309
0.633506
2.285865
0.714524
1.811903
0.332682
1.672603
0.719593
0.023395
1.665146
0.383205
1.357658
0.196042
1.074606
1.269528
1.590083
0.019358
0.003188
0.238367
0.821986
0.729828
0.154742
0.359786
0.553913
0.369181
1.052895
1.818541
0.837000
0.239719
0.209909
0.946101
0.624311
1.074743
0.713476
3.686668
0.683735
1.575346
1.547342
0.008356
1.693838
0.911363
0.395487
0.818540
1.496316
4.214186
0.325676
0.848953
0.004397
0.330094
1.533514
0.832017
1.605208
2.625382
2.017434
0.254190
0.269564
0.729972
0.064211
1.625976
1.313892
0.289732
0.536192
0.217656
2.409618
2.591473
0.186984
0.519904
1.266396
3.163670
0.533998
0.764304
0.811376
1.348581
0.097907
0.403167
1.293195
0.463986
2.342754
1.309313
1.056621
1.165269
0.349308
0.600611
0.956459
0.176532
1.126948
1.910793
1.139138
1.340070
1.065131
0.529555
4.576419
0.072943
0.933262
2.301173
5.389610
1.501812
0.364248
1.250334
1.328038
1.269487
0.284929
0.343557
0.615105
0.417334
0.974335
0.204595
1.246278
0.747591
2.465310
0.453812
0.241632
0.235522
1.694570
1.774338
0.464688
0.677867
1.147092
0.052952
0.261980
0.412125
0.621212
0.248695
0.524425
0.071967
0.127880
0.516744
1.875439
0.553945
0.124579
0.871594
0.155889
0.454231
2.059425
0.925740
1.225072
0.683255
1.554878
0.542471
0.021759
1.216728
1.530111
0.269422
2.449275
0.915816
0.068903
0.335911
0.096633
1.382399
0.410810
0.389471
0.090782
1.607413
0.782562
0.682974
2.032812
1.087102
2.286988
1.257885
0.092257
0.015682
0.353055
0.264585
0.479042
0.186250
1.809335
0.090896
1.093516
0.980888
0.704364
1.159915
0.398724
0.341175
2.559623
0.277690
2.197107
4.532784
0.750313
3.962637
1.340456
2.000027
0.361791
1.743293
1.091427
1.873008
0.385580
0.762061
0.711611
0.246376
0.286405
0.909505
0.266484
0.790767
1.770497
0.953357
1.260321
1.096581
1.208792
0.480298
0.343915
0.231957
0.070302
0.967149
0.685348
4.662171
1.982699
0.486069
3.902239
0.494434
0.455624
1.266121
0.294039
1.107209
0.783364
2.513497
0.725380
1.988341
0.602049
0.025324
0.084958
1.208495
0.973609
0.378893
0.284828
0.601543
2.658350
3.332433
0.125589
0.997985
0.424181
0.525996
1.822618
0.533723
0.029293
0.407191
0.517744
2.217981
1.270981
0.484411
0.330249
0.089259
0.107604
0.767887
1.406136
1.036062
0.607012
0.315767
0.709740
2.378764
0.350660
0.890812
0.938251
2.501764
2.354497
1.941736
0.462185
1.801780
1.719471
0.669659
0.628059
0.182162
2.274492
0.363515
0.867777
2.603952
1.019582
4.151093
1.699312
0.444255
0.459171
0.103636
0.587148
0.635274
1.006363
0.221896
0.122575
0.093736
0.634448
0.977072
5.748348
1.450508
0.239865
0.930137
1.150775
0.125931
0.619982
0.055198
3.064434
0.332519
0.780492
0.544199
0.596781
0.577981
1.289040
0.029980
0.454114
0.452115
0.013884
0.201114
1.281635
0.481235
0.329375
0.182129
1.911828
2.466051
0.454930
3.428062
0.004568
1.803503
0.894379
0.001370
0.918363
1.631706
0.933615
0.334685
2.560437
0.071405
0.412699
2.087868
0.433557
2.119916
0.350611
1.615553
0.384088
0.020414
1.776403
1.151754
0.484388
1.861379
2.010652
0.112433
0.256858
0.158674
0.318621
0.081983
0.063798
1.017096
0.047367
0.068668
0.641762
1.014458
0.070136
0.077382
0.583048
1.122708
0.444570
0.453397
1.360698
1.194150
0.275205
0.100173
0.860376
0.768572
2.268552
2.262649
0.813130
1.299355
0.867129
2.821074
0.848245
0.590487
0.047931
1.601253
0.898126
0.385147
2.096129
1.062686
3.170232
2.568260
1.275958
0.565003
0.822646
1.553857
0.705433
0.002541
0.622077
2.002519
0.457399
0.231541
0.825637
0.935615
0.359549
0.149708
0.155462
0.221329
0.035593
1.205684
2.601519
0.954020
1.024352
0.688505
0.062677
1.164021
0.351019
1.059644
0.007449
0.190069
0.368016
3.364698
0.101401
0.029151
0.505953
1.070496
1.699908
2.334845
1.077925
0.329159
1.461793
0.027136
0.667794
0.400812
1.006288
1.556703
0.633492
1.506914
4.399528
0.701646
0.651852
2.448259
0.126745
0.127710
0.529718
0.198201
1.648506
1.228467
1.791055
1.687856
2.123245
0.152114
1.516458
3.763028
0.186137
0.195506
1.004981
4.353653
0.084203
0.347641
0.311444
1.890049
0.386278
1.405570
0.197426
3.097659
0.785137
1.045330
1.321453
0.758560
0.165648
0.238476
0.589176
0.317039
0.403563
1.941038
0.600555
0.150505
0.829434
0.335066
3.096909
0.587097
0.554810
1.329246
0.546190
0.905497
2.440750
0.056355
0.874188
5.060922
0.428391
1.899865
1.848939
1.105221
0.929335
0.021995
0.977388
0.161492
1.109207
0.441548
1.141896
1.730676
0.841955
0.134678
0.099305
2.314623
4.042558
0.789716
0.041784
0.789992
1.776290
5.457277
4.626670
0.296459
1.313260
0.529432
1.911984
1.032720
0.627091
0.570952
1.015070
1.683624
0.336066
0.654347
0.660027
2.212815
0.697103
0.113023
0.040546
0.188928
0.623304
1.274829
5.296094
0.033518
1.874209
0.093786
2.720515
1.765923
1.009361
3.692193
0.470200
0.627890
3.534187
0.454658
1.283150
1.210245
1.497878
0.855785
0.424401
0.277405
0.010114
4.102046
0.058215
0.350248
0.623024
0.775910
0.205911
3.371270
1.040114
0.255962
0.148277
0.117001
2.925277
0.142482
0.154758
1.574427
0.251438
0.080708
0.972451
1.950991
0.054055
5.798375
0.391785
0.023716
0.449892
0.048127
1.292123
0.149311
0.972961
0.073809
0.479571
0.999947
0.056160
0.575371
2.625377
0.730418
3.781853
0.120679
0.661545
0.977648
0.414775
0.972211
1.325088
0.336678
1.404664
2.100448
0.082007
3.766581
3.104108
1.205907
1.800210
0.007786
1.195830
0.173028
0.031690
0.061716
0.230513
1.412662
0.221331
1.759748
1.758269
0.866311
0.616210
2.139357
0.017150
0.490370
0.511763
5.154005
0.695715
2.158558
0.962410
1.837549
0.705751
0.434249
0.135423
0.302204
0.261167
0.229902
0.271391
0.204546
2.364126
0.075174
0.214107
0.925119
0.263060
0.253514
1.088759
0.574792
3.934103
1.979884
0.308007
1.650748
0.582348
1.291356
1.172356
0.613263
0.119575
0.095328
0.602654
0.951878
3.706383
0.073293
0.606561
0.657194
0.549776
0.870914
1.356772
1.057763
1.545619
3.921631
1.818626
1.180219
0.054043
0.030964
0.351410
0.333954
0.293594
3.210671
1.276869
0.267693
1.723644
4.281671
0.043901
0.305168
1.242307
1.321686
1.278047
1.737186
1.738636
0.191236
0.576199
1.607808
0.280685
2.232563
0.330409
1.101580
0.642793
0.024169
0.386285
0.302455
0.004079
0.172182
3.074491
0.058349
0.209073
0.287804
0.416414
0.585343
0.235421
0.063668
1.133025
0.031849
0.049047
1.276163
0.348632
1.423567
0.605518
0.015892
0.874985
0.326352
0.210509
0.021327
0.081343
0.570155
2.451642
0.445494
0.107827
0.491066
0.483489
0.549289
1.047038
0.490112
0.869441
0.923343
0.587206
1.467409
1.916659
1.535790
0.238972
0.064714
1.873391
2.211882
0.098729
2.246791
0.945204
0.491609
1.059609
0.067859
0.517724
0.269895
0.421681
0.901288
0.297923
0.548491
0.028930
0.188126
1.521754
0.140104
0.819880
0.180375
0.806030
0.233876
0.804046
0.144085
1.667867
5.686054
2.339916
1.091399
1.520153
0.123555
1.297982
0.988108
0.006756
1.719973
0.738106
0.962682
0.234821
0.192845
1.151193
0.950398
0.530911
0.028191
0.232394
1.107367
0.597794
0.269033
1.839240
0.263507
0.456676
0.511788
0.505325
2.525561
0.939348
2.979381
0.055695
0.545535
2.914756
3.166215
0.088527
1.298666
0.076951
1.669397
0.438232
0.084249
1.001218
2.093992
1.200412
1.844250
0.053608
0.482352
0.607463
0.623858
0.528426
1.086590
0.143523
1.969290
2.287863
3.679357
0.096612
0.308064
0.470545
0.670959
0.204712
4.164039
0.576178
0.273504
0.519065
0.484087
0.219560
0.672649
0.117483
0.316345
0.358512
0.626739
0.433849
2.715876
0.419271
0.052262
1.494811
0.501982
0.568438
0.262636
1.957557
1.858272
2.240671
4.892325
1.219094
1.570842
3.419061
1.592550
0.058966
0.419455
0.335999
0.277572
0.396085
1.284943
0.657143
1.316671
0.113252
1.135684
0.250539
0.245797
2.995534
0.740037
1.150709
0.359507
0.610198
0.026408
0.435254
0.264572
0.545990
1.544071
0.622584
0.327850
0.995735
0.441698
0.317489
0.408044
0.161562
0.273493
0.141154
0.231236
0.871980
0.539602
0.595706
2.396099
0.151234
2.666378
1.024158
0.284258
0.939801
1.984280
0.626137
0.819355
0.486823
0.161266
1.975184
1.846304
0.192367
0.241007
0.077579
0.905668
0.000654
0.772385
2.081505
0.997506
2.255191
0.159328
3.388844
0.045346
0.488681
0.103026
0.288723
3.455939
0.723434
1.202663
2.098582
1.064994
0.994532
0.730374
2.329933
0.273645
0.479313
0.458936
1.602870
1.453356
0.727694
1.078652
0.937505
1.177574
2.072348
1.148988
0.339261
2.077556
0.249915
0.177885
0.705151
0.123614
0.371417
0.639073
0.175082
1.193393
0.844237
0.529995
1.094376
0.088865
0.117657
0.782244
1.348233
1.351323
0.062825
1.030017
3.937353
0.582830
0.011105
1.510418
0.233067
0.750823
0.578264
1.694430
0.248457
0.375769
0.691826
0.708667
0.208259
1.274651
1.110667
1.184069
1.812476
3.958312
0.181747
5.937944
1.132315
1.332951
0.525524
0.420019
1.722234
0.733457
2.167938
0.824703
0.302263
2.927686
0.228952
0.276224
0.491290
0.242934
0.020753
0.906497
1.361402
0.615571
0.531640
3.315807
1.482393
2.426996
0.637514
3.241871
1.000134
0.153216
1.063858
0.632843
0.131203
1.720736
0.627889
1.612815
0.815016
2.079743
0.155064
0.475943
0.502182
0.029662
2.819023
1.066091
3.717512
0.156618
2.273072
0.452351
0.447297
2.495486
3.217186
0.110200
0.473548
0.465680
0.070466
0.162657
0.334061
0.775302
0.117688
2.478843
1.144105
1.452029
0.486263
1.631947
0.884237
1.906249
0.929188
0.155880
1.296091
1.381368
0.740322
0.129189
1.505041
0.622456
1.499868
1.401195
0.937373
1.120383
0.125072
3.473478
0.894991
0.080667
0.076164
3.460949
0.597457
0.152424
0.126377
1.323435
1.141973
0.261033
1.049652
0.449891
5.437545
0.035649
0.182426
0.873760
2.174930
1.477882
1.298134
0.948775
0.735314
0.287680
1.324174
0.354730
1.249578
0.715020
0.053754
0.388194
0.204154
0.186210
0.343491
1.496340
0.284221
0.452629
1.365127
1.194652
0.704050
1.990475
0.563825
0.206082
0.097739
0.084373
0.795259
0.092953
0.123222
1.256283
1.112867
0.002319
0.667809
0.508069
0.954776
0.007845
1.045098
0.429367
0.365934
0.448973
1.965374
0.444392
1.150229
0.045583
0.752232
3.655276
1.718200
1.496496
0.412779
0.833014
0.641081
1.855425
0.559723
2.346001
0.030301
0.737614
4.210474
0.863657
0.942918
0.106576
0.347676
0.331140
0.109157
1.517960
1.140181
1.267664
1.554267
0.398362
0.069983
0.099939
1.172145
2.623990
0.604940
0.467980
3.577214
4.050109
0.427526
1.573384
1.421574
1.158588
0.443044
0.263892
0.754351
1.544368
0.146405
0.819916
0.368603
0.129372
0.148400
2.510966
0.251603
0.564905
0.224026
0.394312
0.238800
2.128162
0.045382
0.001084
0.235122
0.118737
0.101136
2.300823
0.040245
0.798692
0.319596
0.011559
0.760704
0.971372
1.630406
0.344364
0.367458
0.176821
0.740810
1.815185
2.968580
1.077236
0.505379
0.296956
1.517850
0.764938
0.193262
0.003269
3.387982
0.472309
0.399165
0.196807
0.297575
0.467587
0.198126
0.629062
0.664456
0.322859
0.456862
0.744214
1.748742
1.022456
0.768699
0.444211
0.303441
0.416325
1.049819
0.842191
0.698370
0.190278
0.521594
0.600073
1.788179
1.625312
1.231522
0.950760
0.412168
2.153181
0.959241
0.362420
0.301544
2.917595
0.659057
0.729206
0.384817
1.085878
4.174469
1.634095
2.785778
0.432860
0.400125
1.445307
4.784116
2.011019
0.131244
0.292179
0.231531
1.482783
1.729343
1.235418
2.923707
0.260100
0.174967
1.509599
0.032704
2.030023
0.498492
0.461975
1.396560
0.009415
1.120772
0.012962
3.107942
0.170353
0.756270
0.321214
1.709411
0.724025
0.082950
1.416121
2.014041
0.526559
0.737460
1.953268
0.322293
1.034705
0.118283
0.658159
0.540707
2.720438
0.212554
0.452446
0.178146
0.433862
0.154237
0.217353
0.249315
0.766762
0.833137
3.620068
0.787141
0.273501
4.275670
0.693474
0.504051
0.727083
1.491188
0.242007
0.032406
1.927565
3.586170
2.287084
0.306341
0.681156
1.413164
0.775178
0.149240
2.026340
0.021811
0.812609
1.621192
0.239600
2.528617
3.367273
0.832538
0.065245
0.175391
1.540480
0.912914
1.295311
1.422713
0.154905
3.366100
1.366641
1.031887
0.448473
0.303434
0.542249
0.858840
0.347585
0.318910
0.795496
0.213250
0.769862
0.043546
2.969548
0.079370
0.199975
1.697485
0.103004
1.337693
0.965464
0.372418
1.072303
0.878778
2.087390
1.276336
1.368772
1.083856
0.385059
0.638220
0.545852
0.621929
0.574910
0.181151
0.112898
1.602670
0.557589
0.745113
0.469985
1.276614
1.601363
2.572179
2.442597
0.408422
3.388541
1.978610
0.530354
0.159571
1.135054
0.712288
2.163172
0.353521
1.717098
0.782679
2.141305
1.192054
0.306203
0.989075
0.443345
0.875513
0.105191
1.508538
0.047557
0.770227
2.890601
0.166294
0.409072
0.465007
1.134826
1.240368
0.097490
0.647984
1.006088
0.005972
1.672390
0.917780
2.022628
0.253352
1.378667
0.790292
1.321576
1.002737
1.858389
0.806761
0.193520
1.296728
0.287818
0.579299
0.437969
0.937045
0.023331
0.606056
0.489363
0.072039
4.778819
0.402629
0.251939
0.396497
1.215065
2.314957
0.038793
1.590607
0.475024
1.115972
1.620257
0.211131
0.318827
1.108193
0.534671
0.021310
0.243516
0.159492
1.061926
0.062098
1.207719
1.772883
1.545450
3.020508
0.314528
0.152497
0.819708
0.346622
0.906194
2.926633
0.450096
0.885603
0.325541
0.879815
2.463488
3.972436
0.666252
3.055751
1.502247
1.998784
0.981672
0.866365
0.056393
2.285873
0.286840
0.632937
2.518250
0.626425
0.958138
0.852401
0.745936
0.382015
0.517125
0.374685
0.312985
1.119737
0.605013
1.761300
3.398063
0.051160
1.489885
0.398979
1.014477
0.053891
2.454983
0.803566
0.034216
0.511668
0.703568
1.666050
0.307892
0.139836
0.495167
0.385424
0.029237
1.021370
1.554987
2.960623
0.111378
0.519532
0.737776
0.997255
1.282715
2.598181
2.875342
4.762453
0.914356
0.506727
1.712767
0.834221
0.593137
0.901982
2.251725
0.088631
1.040438
1.655051
1.013594
1.140489
0.234992
0.153467
0.675985
0.643269
0.318512
2.136019
1.581171
0.358940
0.737673
0.874846
0.287412
0.986643
4.446048
1.476748
0.298787
1.241300
1.194722
0.225504
1.212163
0.351598
0.914846
0.738314
1.982133
0.047963
0.123657
1.414724
0.141158
1.439766
0.834538
1.464192
0.585826
1.493203
2.419186
2.728751
0.287384
0.203066
1.695950
0.045042
0.664287
0.413018
0.986488
1.328617
3.367470
0.955529
0.706795
0.253353
0.395094
0.228143
0.554590
0.029254
0.694001
0.025435
0.800535
0.450439
0.074664
1.100298
0.127446
0.227645
0.562549
1.157039
3.587332
2.068296
0.617914
2.148439
1.651815
1.240321
0.069468
0.980491
1.405480
0.804010
3.302876
0.481052
0.339153
2.641504
5.899167
1.581841
0.165526
0.391032
6.433549
0.863329
0.434593
0.690790
0.924723
2.336999
1.976683
1.124864
0.845392
3.970251
2.111107
0.000856
1.098759
1.905314
2.075090
0.136562
1.326359
1.148075
1.822361
1.617811
0.367630
0.899205
0.437168
0.315875
3.687842
1.026561
0.222638
3.583883
0.572997
0.434092
0.350797
0.570152
2.664872
1.045105
2.708758
0.763034
0.802355
1.584026
0.234525
0.130495
1.496037
0.092060
0.131470
0.584651
2.799737
6.053184
0.844778
1.120036
1.140694
0.525438
0.645118
4.425281
0.001812
1.769235
0.299590
3.762944
0.637334
0.613363
2.976264
2.380189
1.664004
0.280893
0.418592
1.350976
2.237134
0.322146
0.321257
0.588722
0.072851
0.661293
0.837717
1.872390
0.848086
1.172790
0.341004
0.715271
1.165224
1.961061
0.204165
0.459737
0.311967
1.079021
0.440956
0.314444
0.672577
0.955701
0.283145
3.241847
0.076807
0.217667
2.027801
2.158933
0.580707
0.236232
0.982335
0.406065
0.665163
2.305862
1.508224
0.812090
0.484742
0.424648
0.514691
3.121525
0.037181
1.175251
0.628953
1.289695
0.799730
1.054182
0.097828
1.706742
0.373377
0.597427
0.092498
1.615471
0.067457
0.407876
1.435952
0.149850
0.756184
0.995568
0.024001
3.541941
1.838154
1.047765
0.363522
0.395564
0.797634
0.087164
2.143619
2.714323
0.561196
0.335592
2.204192
0.627307
3.744125
0.440850
0.211483
0.748434
0.008066
0.333814
0.423788
0.385116
1.322709
0.568783
0.128778
1.603553
1.464146
2.145087
2.780345
0.355633
0.720372
3.262252
0.315140
0.437448
0.944118
0.855877
1.142619
0.175049
1.074592
0.829626
0.099085
0.092156
1.889633
4.134820
0.807457
1.744206
0.416281
1.365027
0.434034
0.428537
0.028851
1.195828
1.103123
1.435596
0.140795
1.555886
0.822905
2.303158
1.114558
0.690808
0.222303
0.205020
0.617162
0.634200
0.775848
0.074189
0.045761
0.249364
0.264080
1.215010
1.534755
0.395152
1.567002
1.003386
0.371668
0.423638
0.613561
1.052460
0.094273
1.664370
7.525308
0.126022
0.709758
1.101499
2.123862
1.020456
0.609956
0.582102
0.775717
0.137614
2.815178
1.343059
0.376781
0.511881
0.233945
1.921551
0.638919
0.292125
0.077231
1.218157
3.137703
1.957690
0.031127
1.378119
0.677628
0.417129
0.097929
3.011064
4.826560
0.202425
1.433180
4.761438
0.359045
0.314283
1.076090
0.201001
2.399723
0.122958
0.976479
0.595809
0.280064
0.828901
0.208055
0.816894
3.327128
0.504897
0.530720
0.573128
1.049127
0.665810
0.151365
0.932355
0.423057
0.187672
0.437454
1.814857
0.717804
0.593499
1.550695
0.701509
0.996584
0.797065
0.684406
2.695907
1.709468
0.168045
0.121724
1.303038
0.315237
1.339304
0.195016
0.722881
0.358739
0.454155
0.075636
0.308630
1.433167
0.662938
1.209951
0.529676
3.533848
1.846771
0.017735
0.379456
0.013458
0.465057
0.165942
0.745589
1.712080
2.826908
0.030159
0.598513
0.673648
0.745112
0.482709
0.369894
1.139444
0.688155
0.038208
3.003499
0.268494
0.241646
0.625554
0.769840
0.866743
0.771934
1.621815
0.417228
0.022804
0.701680
1.395675
5.013739
0.425417
1.469297
0.369789
0.446084
0.152934
0.619943
2.166442
3.252529
0.515553
2.466564
0.530510
2.234780
0.580609
1.582727
0.225869
0.128340
0.345429
0.273996
0.073466
0.749830
0.605742
0.767586
0.066638
0.034604
0.076610
2.016850
0.470231
0.101253
0.463901
0.136365
0.093926
1.264703
2.276811
0.508777
0.080719
0.039992
1.971807
3.295824
0.000527
0.306015
2.104444
0.531406
0.170324
0.383502
0.231690
0.444392
0.577990
0.690932
0.912425
0.712958
0.026800
0.054225
0.046751
0.095312
0.090793
0.127180
3.166198
0.619777
0.242989
0.399002
0.890164
0.364375
0.047813
0.667091
1.217866
0.132657
0.746556
0.832258
0.091235
0.747667
1.763514
3.360544
2.792827
4.210929
0.333814
0.157309
0.421523
1.282973
1.034093
2.854301
0.264742
1.111381
5.336052
0.326106
1.434670
0.085535
0.506992
1.271690
0.785075
0.950405
0.049877
0.143092
2.510659
0.100197
0.967918
0.975310
0.247917
0.157977
0.208081
0.366397
1.116758
0.016554
0.317531
0.945238
0.001586
0.811636
1.414582
0.423942
0.326640
0.513202
0.339596
0.715910
0.075069
0.332857
1.558383
1.796529
0.454297
0.207294
0.806918
2.397119
1.612620
0.922364
0.043269
1.270899
1.196543
1.086110
0.419075
2.492996
1.653409
0.755457
0.253745
0.656361
0.791028
0.685509
0.097257
0.794529
0.053438
1.894789
2.241906
0.401512
0.289115
0.200510
1.844813
0.390667
0.625140
0.998230
0.171406
1.771483
1.707539
1.242331
1.343004
0.965806
0.376457
1.519991
0.413615
0.011541
0.586554
1.142846
2.642438
0.290837
0.237361
0.165964
1.322858
1.418467
1.047224
1.750449
0.365458
1.207730
1.126870
0.222976
0.032335
2.617685
0.480542
2.069590
0.288246
1.873178
0.703665
0.524153
1.127891
0.391444
0.126962
0.536527
2.868993
0.567299
0.218791
0.331270
0.587741
1.022401
3.298959
0.467178
2.231499
0.191611
0.746874
0.984194
2.692484
0.192668
0.602510
0.272345
2.090455
0.137560
0.576742
2.387996
0.057149
1.713835
1.523026
0.365239
1.097189
0.338527
1.251459
0.419275
0.944434
1.790636
1.417584
0.808209
0.309370
3.083732
1.809921
1.239634
0.902590
1.606499
0.087457
0.667703
3.641372
0.941343
0.120332
2.365218
1.537772
0.834568
0.156046
1.083260
1.185662
0.874081
0.843264
1.386305
0.515136
0.433317
0.057599
0.071252
1.018395
1.469175
0.529753
0.287584
0.923896
0.185066
1.631023
2.033485
0.131434
1.023330
0.866623
1.264589
0.579845
1.088780
0.229110
0.534092
0.319199
0.382921
0.385471
0.060185
2.154782
0.624274
1.272679
0.864001
0.048250
0.341950
0.398286
0.597265
1.025162
0.485324
0.730762
0.328625
0.167693
2.655091
0.755051
1.416413
0.103871
0.406893
0.984941
0.250799
3.684408
0.230886
2.804546
0.535978
2.036712
0.155748
1.764349
0.154098
0.620563
0.160840
0.224673
0.425305
0.949128
2.540108
2.589701
1.078886
0.236683
0.292343
0.116209
1.910677
1.016084
0.989317
0.141687
1.572031
0.816167
1.085067
0.798051
1.068671
5.628208
0.193989
2.106660
3.550612
0.482081
1.702772
0.488080
0.290414
3.271409
0.241941
0.502293
0.552352
0.451723
0.906540
1.473314
3.746117
0.728200
1.190046
1.011747
1.301884
2.981446
1.370924
0.867503
0.884963
0.468880
1.245170
0.477467
2.690808
0.468771
2.651317
0.888455
0.463042
0.111798
0.629357
0.418439
0.669974
0.335316
1.302405
1.348320
0.283604
2.865063
0.145237
1.112732
0.365989
1.314023
0.583711
0.332513
0.285665
0.148463
2.516981
3.749361
0.091292
1.094894
0.812986
1.122452
0.040532
0.312763
0.055689
3.571837
1.029474
4.110985
0.822356
0.013530
0.093633
0.028061
0.439073
0.861947
0.374778
0.087181
0.382704
0.819829
0.026867
0.603613
0.262448
0.404964
0.203869
1.117821
0.956799
0.567249
1.665884
0.766098
0.526589
2.284991
0.223896
3.377053
0.850372
0.274862
0.267133
0.985938
0.238535
2.097473
0.942941
1.482031
2.213411
1.203647
1.611914
0.282414
0.325126
0.119970
0.399773
0.905223
1.116408
0.440114
0.049943
2.336963
1.168077
0.265459
0.858937
0.363721
1.096803
0.489985
1.833155
0.078445
0.336298
0.041544
0.042176
1.954282
0.329917
0.322587
0.664063
0.679709
0.166009
0.100665
0.309328
0.044615
1.588000
0.068873
0.342030
0.076049
0.197972
0.965482
1.104966
1.911580
3.698420
1.264055
1.408674
1.091457
3.008620
0.403349
3.479861
0.958946
1.270417
1.656949
1.178143
0.004887
1.896941
1.322189
1.989300
0.140400
0.009219
0.428406
0.978765
0.176901
0.587378
2.209867
0.230384
0.274283
3.142819
0.684077
0.375585
0.146699
0.121766
4.011321
4.474113
0.094181
1.201923
1.363095
1.403056
1.049893
0.079101
1.284979
0.310238
1.586399
0.760621
3.191212
1.610507
0.482233
1.178718
1.088927
0.720696
1.208996
0.011947
0.148281
1.992461
0.608977
0.028498
0.071939
1.190649
4.195388
0.832079
0.009130
0.129404
1.137877
4.708243
0.116513
1.466999
1.172357
1.924927
0.741369
0.416104
2.661646
0.283534
0.934242
1.292824
1.511886
0.834698
0.745956
0.176860
0.298839
0.209662
1.126053
3.214497
0.224416
1.679328
1.734236
1.070348
1.842612
2.233778
0.435543
1.751762
0.611997
0.449693
2.954846
0.147612
0.435649
0.059638
2.371057
0.044494
2.430509
0.562394
0.484358
1.846267
1.130225
4.713167
0.838590
0.609810
0.814226
0.098053
0.964035
1.689235
0.332040
0.348619
1.492383
0.660794
0.114109
0.912869
0.151602
2.984509
0.676302
0.680738
1.495965
2.980631
1.937473
1.286923
0.090443
0.234568
1.522230
4.975050
0.291164
1.183462
0.550344
1.012015
0.767780
0.105681
0.987620
0.109411
0.813811
0.204022
0.219447
0.192957
9.162082
0.653117
0.634541
1.491916
3.300565
0.861944
0.467906
0.109600
0.748862
2.003915
0.910219
0.361061
1.684338
0.604214
0.027314
2.311692
1.086439
1.654013
2.244301
2.467350
0.698165
0.381622
0.802303
0.039220
0.540487
0.197528
0.153266
3.663966
0.452239
0.414208
0.162345
0.452075
1.707685
0.966724
0.149373
1.522585
0.219815
0.718341
2.168579
1.288909
0.474226
0.660146
0.027877
0.213275
2.760190
0.055974
0.097583
0.914553
1.988908
4.340585
0.722566
0.455167
0.362719
0.068493
0.517713
1.279248
0.281623
0.790136
1.191132
0.939662
2.165899
1.870641
3.609460
1.217627
0.626701
0.118430
0.665378
1.087617
0.978500
0.464548
0.490059
0.001760
1.929678
0.535975
0.215454
1.567937
0.633629
0.337990
0.495657
0.404205
0.319887
2.357300
1.197826
0.862719
3.558700
0.107884
0.356304
0.244580
1.045504
5.487867
1.749888
0.763223
1.844138
1.605148
0.271687
0.367428
2.417163
1.286731
3.522277
0.765613
0.100272
0.442977
0.769402
3.000023
1.481834
1.311315
1.353786
0.277226
0.017484
0.142219
0.854748
0.344042
0.038630
0.318499
2.033226
0.009462
0.470050
0.184918
0.256679
0.023795
0.179954
0.054024
0.814982
0.006551
1.908724
1.586013
0.376901
1.437825
0.732071
0.334751
0.353120
0.953206
1.028234
1.797076
0.831745
0.536385
0.831839
0.365932
1.070778
0.872474
0.578069
0.263794
2.065021
0.648007
0.702446
1.355850
0.666175
2.117407
2.420240
1.247277
2.334808
0.078817
1.449466
0.617157
0.085907
0.959812
0.295423
0.504739
0.477377
1.491083
1.142003
1.130409
0.493261
0.390354
0.716039
3.080837
1.340649
0.079116
0.301821
0.503490
1.073387
1.202470
0.987385
0.757869
0.194145
0.141654
0.319665
1.087054
0.011804
0.204208
0.470813
2.463997
0.301779
0.151765
0.470691
0.419795
1.418178
0.997537
1.343831
0.147847
0.521018
0.544687
1.684890
1.586957
1.359299
0.394304
1.384424
0.656783
0.514028
0.010112
2.096105
0.061950
1.236531
0.702220
0.895032
2.172184
1.012235
2.002577
0.795984
1.045060
0.050999
2.581884
0.828360
0.371381
0.067400
2.791400
1.058538
1.731740
0.843686
0.497898
3.230453
3.728140
1.672215
1.491635
1.475848
0.810420
0.106302
0.735945
0.037507
0.698693
0.757171
2.451988
0.827445
0.275252
0.541962
0.167520
0.135465
0.056558
0.019441
1.125635
1.215092
0.071468
0.916096
0.309999
0.476734
1.093926
0.229686
0.032761
0.669674
1.492077
0.552382
0.595268
1.390533
0.269963
0.253063
0.739134
1.569838
0.392195
0.044391
1.764532
1.755577
0.854323
1.357166
0.494342
1.687658
0.175550
0.785851
2.842811
0.243337
0.829017
0.960483
2.517137
1.001021
0.244896
0.205625
0.011757
2.139741
0.496067
0.044912
0.462733
0.181731
0.631754
1.709393
2.491707
1.220556
0.043539
0.579290
0.686877
0.457336
0.659953
0.393914
0.215951
0.059276
0.070636
0.877677
2.060432
0.260331
0.137563
1.683835
0.589141
1.177794
0.564985
0.453352
0.392359
1.046528
0.799326
0.409815
0.757493
2.837821
0.478270
2.318707
0.113864
1.887083
1.275195
0.025166
0.806138
1.440661
0.624660
0.051583
0.139562
2.950392
0.471386
0.392282
0.005248
0.587100
2.394031
2.102383
1.118609
0.037972
1.178222
0.126088
1.306752
0.132167
0.659651
0.055344
1.481268
0.033904
0.494407
0.362134
3.680237
1.470602
0.229929
0.085998
0.964168
2.604143
0.113456
0.188887
1.168806
0.848195
0.251538
1.712155
0.732915
0.911949
0.155496
0.743867
0.043244
0.054191
0.515106
1.257332
0.094320
0.099530
1.796072
1.710976
0.246595
0.381288
2.064760
4.732241
0.431329
0.305464
0.349563
0.393247
0.034003
0.693975
0.523475
1.055930
0.555905
0.723190
1.738702
0.122970
0.090593
0.047771
2.736959
0.931669
1.035376
0.082559
0.140219
1.162284
0.141554
0.762271
0.515532
0.251029
0.989214
0.270324
0.042188
1.875188
0.807182
2.458793
1.819339
2.345924
0.195627
0.142568
0.260559
0.237131
1.003170
1.013134
1.989556
0.061590
0.164543
1.163136
0.192907
0.272241
1.324797
0.117292
1.860683
0.476505
0.210619
3.699553
0.068578
0.388473
0.710618
0.633175
0.785062
0.147099
1.224054
0.880005
4.102269
0.300903
0.692509
1.722226
0.179237
1.131223
3.083537
0.500003
2.193499
0.885489
0.030863
1.393190
1.041910
0.201028
0.578415
1.729693
0.545486
0.190382
2.708084
0.307713
0.803870
0.131537
0.274620
0.964131
0.589078
1.381501
0.091877
4.516246
2.167966
1.578649
0.853995
2.032976
0.055087
0.076849
1.172431
0.245503
1.391636
1.034483
0.944589
1.021112
0.264067
1.025973
0.496798
2.114425
1.735360
1.776304
1.210522
0.279851
0.004102
1.008664
0.711264
0.813058
1.421080
1.382765
0.192598
0.227790
0.688986
0.305124
0.214157
0.483705
0.058387
1.457006
0.291101
0.116885
1.839087
2.863764
0.397499
0.897394
0.885607
2.799541
0.264194
1.712655
0.869203
0.977367
1.200349
0.518149
0.605936
0.512276
1.045492
0.613468
0.036834
0.171332
0.015145
1.583333
2.370589
0.210989
6.449359
0.518336
0.603646
0.212200
1.551141
0.713147
3.176394
0.041399
0.968143
1.605952
4.104400
2.960634
0.497039
0.846383
2.183700
0.977757
0.495363
0.631282
0.284415
0.093828
2.059392
1.210602
0.674189
0.735950
0.174964
0.747802
1.134471
0.193031
0.387582
0.879434
0.455329
0.385255
4.553665
1.708960
0.715228
1.502673
0.398757
0.633339
1.703854
2.977082
0.312638
1.617063
2.275677
1.079269
0.466100
1.535484
0.334078
1.440563
0.291341
0.758321
1.915737
0.133769
0.265960
0.420372
1.038903
0.500945
2.038616
0.392399
0.843007
0.212074
2.402932
2.738710
0.715021
2.292824
1.403613
0.021977
1.128508
0.086799
0.675152
0.682215
0.032727
1.424646
0.351010
2.651717
0.543973
1.104364
1.252178
1.215927
0.565254
3.406949
0.268027
0.334845
0.096583
0.632320
0.988184
1.340262
1.985477
0.688238
0.064846
0.566111
1.166789
3.587622
0.458260
0.222460
2.050699
0.130005
0.249989
0.793718
0.229473
1.245183
0.043266
0.270819
0.637747
0.413043
0.182380
2.217146
0.006969
2.127236
0.902993
0.577551
1.881848
1.770533
1.284747
2.809373
0.354392
0.432365
1.133142
0.175646
1.887611
1.350034
0.899817
0.770464
1.248637
3.243505
1.334288
0.878175
0.086520
3.166403
0.141908
0.339580
1.108532
0.191939
0.744810
0.152539
0.719509
1.177301
0.033097
0.733872
0.850327
0.986714
3.186460
0.545445
0.610569
1.145583
0.446558
1.407962
0.033546
0.038901
2.482236
2.133315
1.509241
0.712942
0.542587
0.677327
0.636338
0.168906
0.079570
0.806664
0.120200
0.234186
1.842543
1.528844
0.483580
0.456908
2.586124
2.267571
0.060443
3.152242
0.538522
0.997981
0.878139
0.470119
0.053183
0.042284
0.058725
0.530972
1.593373
0.094336
0.598057
1.248987
3.560625
0.260123
0.252321
0.494848
1.276795
1.183445
0.789104
1.597295
0.284266
1.075889
0.006362
0.093234
0.583789
0.493919
0.608403
0.457139
0.337162
0.722439
0.391787
1.212666
0.157602
2.392465
0.080851
0.220153
2.995702
0.144682
0.940510
1.373416
0.254538
0.061548
0.616120
0.218535
0.340711
1.148757
0.883438
0.009854
0.472803
0.142012
1.646944
0.978647
1.567311
1.680420
1.248970
0.266069
0.227496
0.185103
0.917595
0.672719
1.150162
2.585919
0.213537
1.767408
1.791374
0.314637
0.027196
1.529092
0.518604
1.011702
0.755080
0.992562
1.191033
4.604345
1.746853
4.188320
1.117676
0.531571
5.227655
0.050986
0.786817
1.619469
1.120518
0.409628
0.956333
0.489536
0.843311
1.710224
0.812088
0.186616
0.369407
0.273759
0.099722
0.695416
0.071184
2.633597
1.474381
0.100416
1.242880
0.193255
1.316541
0.276380
1.635281
0.558672
0.263272
0.996364
0.532492
2.347875
0.044056
0.523394
3.082083
0.886266
0.235077
0.988930
2.575847
1.744058
0.015230
0.680482
1.033851
0.846728
1.090243
3.062321
1.664257
1.422031
0.605786
2.115095
1.161413
0.255452
3.685550
0.508170
0.512765
1.227090
1.021317
0.231005
0.144895
2.050633
1.814283
0.793514
1.495103
2.121472
3.106464
1.309004
0.631023
0.180001
0.443068
0.497356
4.597344
0.466890
2.167099
1.005905
2.886615
0.797077
0.885538
1.406106
0.368360
0.042763
1.005893
5.316220
0.311013
0.939557
0.500039
1.104001
0.379877
0.033943
2.077226
0.599551
2.350930
1.243990
6.636994
1.140979
0.896275
3.077596
0.528319
0.061733
0.126313
1.462491
0.600986
0.114942
0.152443
0.411312
1.358170
0.089517
2.176622
0.401040
1.835911
0.216550
0.465595
0.644003
0.210470
1.020360
0.087753
0.875365
0.368159
0.510938
0.958841
0.201768
1.903871
0.736854
2.248890
1.895111
0.225492
0.666304
1.627747
0.947476
0.790237
2.554766
0.479041
6.210622
0.031359
0.738177
0.408287
1.486077
0.935583
0.250756
0.109947
0.594524
0.538704
0.646945
2.563806
0.932148
0.123176
0.007027
0.210206
0.551447
0.522678
1.641166
0.932929
0.298512
0.396944
0.695317
0.114039
0.753970
4.380475
2.423685
0.152903
0.763019
1.793932
0.739002
0.758721
1.999279
0.045442
2.017010
1.016964
1.055749
0.092922
1.356451
0.105631
0.703666
0.246903
0.023506
0.118248
0.407480
0.030701
0.358259
1.421134
0.575015
0.113565
0.454383
1.188697
0.570898
2.011739
1.625360
3.337866
1.922265
1.253739
0.112356
0.490154
0.794648
0.990702
2.515815
0.532435
1.118129
1.542482
0.052489
0.393306
2.078528
1.577755
0.554117
0.478225
0.012422
0.595391
0.676569
0.426210
0.651788
1.573828
0.111581
2.479209
2.303619
0.636277
0.945649
0.408097
0.410958
0.535685
0.356065
0.211598
0.138454
0.520618
0.863171
1.131826
0.035141
0.687922
0.094731
1.229770
0.333420
0.152589
0.033368
0.172470
2.734597
0.612929
0.773347
2.945522
2.373988
0.030641
0.348772
0.487399
1.731187
0.510871
0.359491
1.283843
2.046148
2.448090
0.059872
0.232883
0.397904
0.442680
0.508268
0.611696
1.441953
3.756773
0.145171
1.599812
0.642495
0.255548
0.704624
1.416971
0.457326
0.773324
2.476576
0.359688
5.732686
0.606059
0.287058
2.339798
0.662967
0.785214
0.341690
0.367600
2.882494
0.895019
0.031114
1.686175
0.703079
0.092938
0.022784
1.791049
0.591380
0.546435
0.343596
0.235687
0.506885
0.554970
0.008070
2.053015
1.053884
0.721018
0.992107
0.018617
0.053682
0.787842
0.386473
0.050270
8.043075
0.844163
3.050838
0.662344
0.121107
0.277220
1.570046
0.059820
1.792832
1.729344
2.062302
0.413175
2.423046
2.257284
0.188342
0.442834
0.380318
0.620739
0.838769
1.251717
2.192504
0.857539
0.881019
0.776055
0.093803
0.241874
0.816959
0.152923
1.427199
2.110132
0.211749
1.425861
0.595768
0.154916
0.279789
0.827643
0.487150
0.036686
0.970186
0.247356
1.956308
0.680876
0.815519
1.469543
0.492973
1.306592
0.136685
1.222639
0.212836
1.189128
0.543925
0.083463
0.316505
0.005187
0.967207
0.447611
0.248485
0.196116
0.698464
3.913947
0.058542
1.182484
1.346062
0.704658
1.813984
4.122367
0.071113
0.251828
0.020014
1.169993
0.582964
2.107312
0.202676
7.336974
1.045276
0.850151
1.304190
1.496826
0.326004
2.529730
0.638042
1.196441
0.000394
1.358612
1.213706
0.968244
0.109625
2.562970
1.601143
0.932625
2.332663
1.932370
0.356624
1.029179
0.447722
0.147295
0.984820
0.561350
0.445634
1.039331
0.126916
1.616164
0.743903
0.360467
1.612892
0.190132
2.081839
0.753529
2.982034
0.166641
0.597141
0.546426
1.905345
0.597857
0.179087
0.807738
0.072852
0.311697
0.648287
2.029477
2.073676
0.478071
1.286598
0.191453
0.022984
0.088513
0.372807
1.047584
0.722103
1.111042
0.350302
1.003654
0.638896
1.716296
2.750627
0.318574
5.023580
1.668188
1.620054
2.859969
3.349790
0.289990
0.452107
1.693564
1.209790
0.750100
0.462467
1.478417
1.587077
1.879481
1.023313
1.107919
0.257933
0.453168
1.857873
0.287782
0.596198
0.168653
2.295514
3.306829
1.748598
0.216683
0.908398
0.353975
0.015199
0.761303
0.846116
0.008540
0.422134
0.466863
3.020697
0.369995
0.980197
0.378259
0.133988
0.395271
1.849140
0.684526
0.103700
1.016401
0.420074
1.343625
0.367966
0.844795
0.109247
0.164704
1.717185
0.804276
0.366802
1.271964
0.725580
0.142757
2.459642
0.119670
0.564126
2.653827
1.037694
0.002067
2.782591
4.613532
0.470161
2.201427
0.355741
8.881104
0.228535
0.552942
0.395065
0.048066
2.530942
0.553156
1.155290
0.305734
0.179091
4.946711
1.794395
0.311238
0.156360
1.061898
1.715071
0.601119
0.468278
0.409481
0.879085
0.340317
0.595643
0.016109
0.245995
0.099291
0.018210
0.169835
0.088399
0.499462
0.046621
0.484427
0.499233
0.287485
1.653886
1.270710
0.352087
1.306046
0.155760
4.007145
4.896681
0.368467
3.677267
1.750430
0.857235
0.127216
0.654892
0.503710
0.846901
1.927046
1.315727
0.169717
0.154174
0.199076
0.188834
0.447774
0.321630
0.210871
0.728043
0.445721
0.875303
0.827130
1.360969
3.740947
1.674239
0.803594
1.189532
0.115781
0.330442
1.831782
0.095570
0.320099
0.160260
0.068121
0.105609
1.286427
0.204947
0.869228
0.127219
1.412918
0.571191
1.905018
2.437992
0.862809
0.032206
0.088547
2.796489
0.366330
0.321392
0.609032
1.097705
1.952813
0.019000
0.527551
1.798143
1.780045
3.276364
0.755087
2.825139
0.279223
0.461880
0.032363
0.728880
0.729769
0.102805
0.961744
0.276707
0.332689
0.221269
0.448137
0.040379
1.004157
0.238718
3.041544
0.237841
0.279788
0.037680
0.163281
0.800247
0.373735
0.933362
0.244809
0.186289
0.982406
0.986439
0.004369
0.610573
0.889971
0.764407
0.506933
1.789528
2.346453
0.561250
0.431571
0.548652
0.749087
3.451006
1.090630
1.661831
0.182464
0.025501
1.895679
1.611602
0.271207
1.619603
0.012178
0.657003
1.826362
0.177635
0.032915
0.163510
1.467602
0.287049
0.386852
0.502714
2.092509
0.393291
1.911040
0.627276
1.962960
0.287327
0.355128
1.443287
1.137056
1.048190
0.205944
0.231226
0.961588
1.897899
0.016789
1.534795
2.081807
2.013148
0.879314
0.119726
1.103992
0.908909
0.902472
0.708173
1.426235
0.985677
1.073819
0.753557
2.090207
3.868349
2.582618
1.398210
0.362801
1.498334
0.247073
0.178927
0.026581
0.729464
2.626694
1.222372
0.183035
0.120817
2.429385
1.537003
3.322049
2.638864
0.842751
1.827697
1.584696
0.167718
3.037668
0.622586
1.392089
0.790733
3.537082
0.715869
0.190315
0.992095
0.041389
0.050914
0.937280
3.351490
1.622527
2.437068
1.352727
0.021752
0.079494
1.459712
0.775117
0.004107
0.640870
1.226256
0.125454
0.486255
0.676460
0.085367
0.376342
0.063006
2.538827
0.114987
0.242670
2.064312
0.848790
3.408656
0.544007
0.783005
0.650370
0.898655
0.188948
0.731246
1.028683
1.516305
0.660988
0.589010
1.181108
0.255053
0.628560
1.467408
4.936634
0.006009
1.485350
0.627336
1.246887
2.220822
1.904226
0.228393
3.623267
0.179958
0.308225
2.247583
0.319265
0.655312
1.458608
1.866816
0.593545
0.207052
0.491602
2.600742
1.513698
0.822174
0.587837
0.548922
0.417037
2.632915
2.021561
0.034659
0.166357
0.406754
1.627310
0.157914
0.415793
0.860666
0.946916
0.054229
0.632240
0.621993
0.297023
0.583225
0.988381
0.738612
0.409850
2.314036
0.002948
0.109469
1.372484
0.598887
0.343494
0.144884
0.472180
0.073235
1.188764
1.719429
0.679335
0.037085
1.382154
0.447221
0.073077
2.325022
1.186754
2.071577
0.049501
0.035599
0.599898
1.079870
0.091850
2.522387
0.131803
0.422709
0.448848
1.391540
2.017060
1.196953
1.056837
2.039430
1.617353
0.509110
0.386361
0.096829
0.763243
1.193473
0.177820
0.260392
0.729116
1.066976
0.308778
0.310102
0.016688
0.409663
0.184941
1.242504
0.235899
0.244804
1.371651
1.082558
2.099665
1.796188
0.869895
0.000990
0.196989
2.858424
1.395526
0.046834
1.023118
0.518764
2.472799
0.583583
1.628182
0.269353
0.764415
0.411828
2.702461
1.195015
0.836584
0.598973
0.435801
1.786581
1.263201
0.461723
0.184638
2.172427
0.084625
0.475996
0.108969
1.757097
0.040828
3.949940
1.083304
0.970246
4.002683
1.834615
0.829313
1.324375
2.172255
0.228381
0.149399
1.618131
1.039258
2.855772
0.038592
0.199276
0.328574
3.534163
2.103548
1.876419
0.547216
0.262964
1.137344
0.149306
0.918879
1.883381
0.025106
1.146260
0.257035
0.137006
0.712598
0.310152
0.115163
0.187724
2.186359
0.094874
0.011548
0.600251
1.740362
2.278487
1.065675
3.305465
1.201616
0.359233
2.362404
1.336169
0.658677
0.205619
1.230885
0.446978
0.033267
0.138581
0.895686
1.244968
0.312114
0.214068
0.820923
0.346576
2.078507
1.544744
0.546331
0.485344
0.054771
0.754403
0.811190
2.829764
0.968166
0.837370
0.498073
0.588362
0.624953
0.048985
0.524387
0.179133
0.430156
0.376715
2.314199
1.784131
0.692638
0.939356
0.213811
0.760280
1.341429
1.533271
0.280395
0.006652
3.766959
1.632139
0.355996
1.908928
0.894340
1.274589
0.269548
1.034007
0.287899
1.569961
0.880427
2.043179
0.444881
3.802871
0.378553
1.736208
0.025828
1.284569
4.407820
0.470148
0.037825
2.197982
0.232117
0.769735
0.689342
0.510236
0.071849
0.270002
0.203117
0.376649
0.278725
0.175181
0.125940
0.782582
0.012534
1.235997
0.305480
0.285992
0.436764
0.720299
0.041529
2.801315
0.484147
0.510454
2.488472
1.200398
0.253075
2.855291
0.548451
0.237507
0.382067
0.614844
0.105784
0.743805
5.556768
0.912486
2.581554
0.067709
1.802397
0.114470
0.476925
0.081588
0.313145
0.688445
0.970548
0.330327
0.232056
2.157233
0.755114
0.823198
0.507081
0.845648
0.693636
1.521089
3.523304
0.539924
0.654795
0.215781
0.445769
2.329006
0.520029
1.130782
0.449232
0.704972
0.225543
0.443200
0.110209
0.134973
0.550760
2.804281
0.267124
1.623534
0.017959
0.699724
0.357308
1.018664
1.535208
0.708345
0.740823
0.377800
0.070976
2.538652
2.165898
0.841090
1.212520
1.936910
4.266376
0.202122
0.051230
0.424091
0.089501
0.607770
0.023120
0.593292
3.252271
0.254598
1.637403
0.067922
0.432374
0.260072
0.005129
0.880573
0.032320
0.023181
0.092919
0.403836
1.084229
2.066104
1.831255
0.204710
0.208198
2.389270
0.112210
0.076133
0.648295
1.653895
2.647304
0.621815
4.791715
3.867885
1.653738
0.080467
0.570104
1.780949
0.744039
0.503928
0.057941
0.400962
0.618993
0.523113
0.819456
0.628540
4.931182
0.894364
0.672452
0.085029
2.568879
0.164147
3.097456
1.440397
0.410224
0.154072
1.113126
0.584548
0.243469
0.160795
0.289469
0.156952
0.945626
0.278446
0.132791
0.545125
0.386185
0.818451
0.290021
1.865388
3.095169
0.368236
0.192964
0.538276
1.256577
1.327336
2.144525
1.231534
0.394450
0.465886
1.559077
0.286787
0.741925
1.364556
0.012573
1.968273
2.182988
1.151899
0.360890
0.109137
1.786754
0.808071
0.285880
0.587096
1.596144
0.466807
1.997244
0.125199
2.686548
0.123347
3.292584
2.176984
0.551803
0.148884
0.360774
0.150199
2.064736
0.205475
1.881369
0.222016
0.816809
1.014148
0.594979
0.085519
0.480935
0.617892
2.851912
0.313466
0.156519
0.281316
0.465984
3.788981
1.606907
0.970561
0.547217
0.908364
5.137647
0.336499
1.253495
2.603864
0.513791
1.131147
1.674669
1.747933
1.691017
0.122725
3.361873
1.167372
0.358438
1.676371
2.188489
1.961791
0.598268
0.409985
2.836300
1.783981
1.595831
2.150929
0.106608
2.849806
0.137923
0.641703
2.519818
2.635646
0.099527
0.416983
0.744743
0.093062
0.985376
0.273962
0.014988
0.028892
2.488625
1.757392
1.926513
1.319174
2.864686
1.712992
0.547248
0.280021
1.001367
0.370157
0.109397
0.086495
1.037651
0.046026
2.463833
0.585144
2.639558
0.016144
0.486326
0.059157
0.672598
0.363332
4.252313
0.877921
1.037364
0.715214
1.118459
0.317885
1.388502
1.165050
0.357807
1.101197
0.724842
0.168580
0.511111
0.613593
3.681350
1.723904
1.213450
0.935051
0.140419
1.642246
1.172132
1.499328
1.906755
0.929340
0.248069
1.514335
0.970747
0.928395
1.816997
0.117455
2.401931
1.733051
1.188012
0.809837
0.406718
0.459484
1.756680
0.088525
0.058141
0.137166
1.395322
0.848824
0.333114
0.165368
0.031161
0.298571
3.651568
1.322418
2.006612
0.110993
0.776452
0.811594
2.135167
0.496599
0.175588
0.106994
0.188077
1.524347
1.225135
0.008976
2.235452
0.956433
1.784931
0.887289
0.187304
0.181953
3.137752
6.315170
0.289122
0.013190
0.135094
0.003331
0.879923
0.527087
0.169300
0.956762
1.102019
0.139025
0.429822
0.762191
0.267682
2.201292
0.093440
0.124004
0.329537
0.288008
0.246020
0.601830
0.033020
2.581970
0.618276
2.597454
0.776777
0.347176
0.721067
1.241060
0.615591
0.635608
1.234823
1.240490
0.660660
1.804722
1.252055
0.071147
0.281246
2.038894
1.153724
2.441365
7.878047
0.034504
0.591159
0.267187
2.567268
0.766842
0.432468
0.228154
1.540689
0.842082
1.067666
1.705109
0.680354
0.124790
1.361736
0.034257
0.528712
0.297801
1.364920
2.042645
1.301724
0.604610
0.870057
0.237530
0.341353
0.349778
0.328645
0.764321
0.180303
3.342227
0.592954
0.179850
6.541050
2.240765
0.509284
2.548640
0.560621
1.386968
0.134458
0.241959
0.384715
1.523261
0.033721
1.676209
2.295787
1.500331
1.874672
0.370997
0.035104
0.894514
0.198779
1.437303
0.045946
1.432721
3.644266
0.406613
0.058156
0.292978
2.028356
0.250361
0.246672
0.379441
0.487898
0.244827
0.234937
1.537856
0.149628
1.017562
0.766421
0.307589
1.920297
1.928835
0.047912
2.176797
1.101419
2.920635
1.089275
0.721949
0.295788
1.197442
0.111367
0.573275
0.617051
0.162866
0.220229
0.569738
0.662412
0.293247
1.165674
0.435165
0.645582
2.373980
1.104425
1.978527
0.132447
2.103554
1.040964
0.305198
0.726710
0.201153
0.750364
0.461939
0.037594
0.854697
0.296434
1.219075
0.735405
2.526663
0.246786
1.499433
0.962621
0.391683
0.239612
0.081835
0.643171
0.528875
0.719291
3.188602
1.093311
0.224632
0.373404
0.151448
0.114379
3.922647
0.002268
0.264136
1.953263
1.047399
0.683502
0.469511
1.780012
0.023227
1.365048
2.026922
0.910177
0.001167
0.850400
0.125830
2.541369
1.567568
2.253595
0.775118
0.122766
0.114341
0.962143
0.891370
0.731428
0.140215
0.795572
0.202941
0.403495
1.968185
0.391875
0.579996
1.835718
0.395232
1.115444
1.199617
3.714280
0.183183
0.076215
1.645018
0.211145
1.703827
1.124701
1.550652
1.710259
0.285028
2.365803
1.348700
0.040254
1.614979
0.328189
0.168400
2.398559
2.279845
1.366065
0.558494
0.028944
0.347529
0.945728
0.447143
0.167068
2.745978
1.612679
5.177698
0.304205
0.640322
1.181069
0.271701
1.022378
1.454283
0.045948
1.775521
0.878144
1.273534
0.963632
0.516890
3.447211
0.743643
0.155543
0.007650
0.394119
0.551341
0.177460
0.267719
0.387905
2.380506
1.087101
0.430863
0.224475
0.320771
1.239945
0.438385
0.236008
0.715898
0.429678
0.639637
4.142961
0.043253
1.239371
0.979192
1.654242
1.407895
0.606952
0.499572
0.645312
0.076326
1.593747
0.586388
0.911569
2.828307
0.600181
2.574831
0.453674
0.951640
0.172820
1.159106
0.736867
1.723269
0.036960
1.281766
0.100847
1.373912
0.080533
0.365506
0.298584
0.556271
1.508102
0.277410
0.632970
0.671589
2.014717
0.325385
0.280304
0.388066
1.111578
1.272777
0.502722
0.630732
0.178665
4.994501
0.525406
0.954257
2.489616
1.484548
0.259800
0.078793
0.615498
1.387028
2.275820
0.685008
0.639865
4.993244
0.278126
0.798535
0.355776
0.695011
3.757983
0.081255
1.359407
0.589972
0.837352
0.941170
1.285212
1.669140
2.680356
0.501484
0.758301
0.395385
1.981710
1.187944
0.385375
0.315878
0.371142
0.270317
0.045256
0.774029
0.374885
0.700928
0.341128
0.235619
8.464419
1.434092
0.227070
0.277848
0.373502
0.698171
1.360700
0.340169
0.868804
0.666906
1.324285
0.159807
0.101518
0.611411
3.201107
0.028396
1.909085
0.674956
0.437847
1.251591
0.205763
1.122023
4.186610
0.685234
2.421841
0.029479
0.035499
0.253439
0.761264
0.391427
0.568794
0.760813
0.089462
1.013151
1.492997
0.506265
0.150164
0.731515
1.157112
1.272893
0.005542
0.544062
2.022468
0.107654
2.095811
1.754200
0.139328
1.304948
0.382397
0.662876
0.584767
0.700674
0.173179
0.557859
8.408700
0.072844
0.609938
0.035268
0.348321
4.560207
0.444042
1.301658
0.738676
0.587236
0.453889
0.353189
1.841344
0.701743
1.694866
0.748666
0.253937
1.725425
2.930270
0.096434
2.576549
1.735267
2.511887
0.055536
0.803990
0.270052
0.773608
5.344251
1.348651
1.196227
0.549551
1.347792
1.460680
2.115330
1.490945
0.064058
2.032150
0.143180
1.560500
0.496266
0.861662
0.168200
1.167178
0.542895
1.076151
0.703464
2.917650
2.148611
0.396061
2.230793
3.700323
0.289015
1.259498
2.245916
0.363873
0.312882
0.140216
1.855818
0.306374
2.049802
0.779451
1.160528
0.945273
0.369997
0.834909
0.488195
0.464122
0.570987
0.733280
0.175881
1.750039
0.102265
0.379940
0.723583
0.725972
3.696622
0.020326
0.620055
1.955786
0.426416
0.437950
1.794751
0.911687
0.073480
1.301955
2.334845
0.414773
1.957794
1.373771
0.924822
1.309593
0.339947
0.342599
0.417786
0.909950
1.939077
1.301084
3.466343
0.344176
0.284264
0.139321
0.124916
0.422573
0.590860
1.000807
1.971755
0.547044
1.057100
0.389896
0.328350
8.090068
1.131698
0.120722
0.910924
1.379758
1.843393
0.695193
0.091973
1.205811
0.284848
1.175283
0.563209
0.768007
3.981691
1.478927
0.143315
1.817134
0.692910
0.107906
0.137775
1.375607
0.264407
0.282540
0.096462
1.134722
2.108260
3.052158
0.105172
0.757342
0.322434
0.477583
0.756689
3.060398
0.680111
0.137689
1.208957
0.408208
0.993312
1.557614
0.036364
2.099836
0.655139
0.627981
0.533730
0.619853
0.272399
0.792096
0.355940
1.340676
1.048091
0.558950
0.664842
2.134808
1.121853
0.861804
0.821483
0.804917
0.755754
1.078961
0.087700
1.639690
0.040583
0.953854
1.423335
0.761875
1.360145
0.617265
2.027754
0.466854
0.287608
2.344239
0.288418
1.311464
0.462689
1.091057
0.213875
0.938694
0.237299
0.677346
0.426474
1.970679
2.528572
1.788793
1.356233
0.902761
0.528377
0.360384
0.159496
2.826539
3.287233
0.263173
1.373348
0.002416
1.871695
0.704882
0.767058
0.890413
3.393692
0.517501
3.284544
0.243805
0.368273
0.239647
2.936230
1.134707
2.097467
0.150225
0.338758
0.092639
0.998375
1.006594
2.978189
0.802403
0.629941
1.175987
0.158176
2.102222
5.128937
0.347754
1.707039
3.140066
0.744689
0.833192
3.197443
0.464030
0.073833
0.682715
3.238292
0.038314
2.290147
2.568004
0.292961
0.231705
0.146652
0.224249
2.165469
0.013733
0.416075
0.189527
0.107715
3.571678
1.646038
0.052590
0.741583
0.320983
1.357578
1.108485
0.165322
1.334818
3.315080
3.539682
1.182583
0.670969
0.768556
1.057415
1.966415
0.935196
0.159469
1.719316
1.035863
0.047251
1.363058
2.292923
0.291653
2.124679
0.105263
0.148821
2.245898
0.580322
0.372406
5.595009
0.531323
0.125692
0.048681
2.745966
0.498695
1.561752
0.930783
0.787583
0.748714
0.842632
0.725742
0.249154
0.059974
0.053772
2.065044
2.504130
1.078349
0.020806
1.343483
0.363734
0.069075
0.660075
0.228097
0.385245
0.452111
0.362212
0.612475
0.298250
1.363152
1.464982
0.293254
0.169982
2.180645
0.359081
0.096658
0.328100
0.096416
1.196961
1.741633
0.964798
0.311037
0.416729
1.829334
0.393820
0.499479
1.247113
0.279420
0.054452
1.321473
4.065313
0.443043
1.609444
0.627416
0.825246
0.127512
1.770466
2.007963
0.862061
0.091710
0.941314
0.425608
0.418243
1.453311
0.266128
1.031365
1.954318
0.720246
1.329514
0.812444
0.412691
0.437473
1.734668
1.136109
0.215440
0.161420
0.074817
2.369583
0.498968
0.133627
1.020924
0.471101
0.659720
0.579353
1.843362
0.045915
0.819746
1.113103
2.414799
0.147533
1.423341
0.735011
0.661248
0.106350
0.337860
1.263906
1.364024
0.156705
0.262429
0.653473
1.208221
0.841538
1.796358
0.744047
0.284869
0.028308
1.120485
0.385625
2.724054
0.069052
0.588891
0.853621
0.584126
2.631943
0.013966
0.334247
3.609625
0.851734
3.114173
2.150316
1.239570
1.254133
0.517603
0.216025
1.690468
1.173629
2.427427
0.820837
1.806677
0.153799
0.040510
0.770186
1.243089
2.069878
0.063884
3.203874
2.319836
1.330914
0.327629
1.808511
1.621946
1.288904
0.528026
0.280896
1.056958
0.551823
0.752932
0.981968
5.962586
0.662814
0.711269
1.230721
0.222241
2.442214
2.324859
0.014956
0.925809
1.681681
0.855152
0.579087
3.134872
0.953168
3.757727
1.102630
0.669980
0.039312
0.987246
0.494282
1.488608
2.372665
0.256304
0.859909
0.997488
1.011496
1.724248
0.333634
0.062329
0.431874
2.398117
0.059594
1.803691
0.541440
1.451458
0.035200
0.402154
1.102543
0.050696
2.732012
0.657613
0.978736
0.469207
0.576980
0.272723
0.432578
0.112510
1.298202
0.493829
1.323544
0.124395
0.179160
1.023257
0.420167
1.350262
0.317143
3.881884
0.826725
0.810710
0.040629
2.444490
0.624682
0.102773
1.380471
2.142672
1.990986
1.528447
0.240521
0.758035
1.787134
0.160983
0.013417
0.610232
0.740649
0.600997
1.188991
2.074343
0.816776
0.548959
0.306628
0.345249
0.775265
0.558798
2.696127
2.141155
0.185043
0.228542
1.979553
1.314725
1.426135
2.319565
1.034741
0.254032
7.340790
0.499591
0.113160
1.986248
0.194009
0.386801
0.501213
0.008950
0.633874
0.523457
0.626769
4.914817
1.960887
0.175731
2.017587
0.540276
0.876123
0.140527
1.235700
0.131276
0.819172
1.026950
0.005520
1.302449
1.872162
2.020223
0.615421
0.931337
1.465587
0.110114
1.773762
1.462783
0.688138
2.769374
0.997501
1.120363
0.298504
0.025733
1.148060
1.300263
0.567283
0.160677
1.273690
0.345597
0.370469
0.884857
1.236547
2.236754
1.267007
0.542976
0.016352
0.325079
0.062818
0.021964
0.005681
2.376178
2.199112
0.625958
0.719632
1.073401
0.842853
0.420643
0.556111
0.069359
0.329441
0.059501
1.350337
0.773807
0.086833
0.550946
0.309636
0.725887
0.848699
4.304261
1.651861
2.133842
0.852649
0.729649
1.490828
0.345371
2.763120
1.565580
0.842976
6.115277
1.675351
0.856224
2.352680
1.210178
0.041330
0.541207
0.446306
0.941627
1.432673
1.544480
1.130152
0.042912
1.860096
0.541049
0.869289
2.624330
1.841737
1.877558
0.586298
0.533560
1.792915
0.290251
0.349707
0.522969
1.469006
0.072484
1.201590
1.226734
1.972938
0.313146
1.219230
1.119968
1.858498
0.940144
0.470909
2.159190
0.027765
1.330208
0.682383
1.554539
0.738468
0.188264
1.776185
0.456491
0.890299
0.530123
0.348153
0.563744
0.299086
1.337983
1.860546
0.096544
4.561114
0.150262
0.691692
1.424601
0.235010
0.221341
0.627634
0.072989
0.630009
0.187160
1.362965
0.373249
1.514664
0.127452
0.218265
1.647665
1.932694
1.173367
0.906871
0.473846
1.982538
0.556750
1.362165
0.601020
1.822627
0.038640
2.142793
0.101926
1.494008
1.298597
0.209406
1.448503
2.014428
1.165413
0.743333
0.079087
2.178268
4.669246
0.158327
0.437227
0.175914
2.212091
1.095662
2.837495
0.010245
1.978834
1.382019
2.005712
0.803958
0.423339
0.278171
0.535677
1.478739
4.322015
2.013465
0.942826
0.024938
1.382893
1.228874
1.610232
0.646710
2.266372
0.832954
0.419823
0.878317
0.093993
0.542793
0.637298
0.083742
0.833115
1.745581
0.276599
0.608503
0.675579
0.202201
0.627413
0.435267
2.688221
0.402665
2.357610
0.324542
0.854013
0.385781
0.050469
0.823310
0.206478
1.077902
0.881053
2.744252
0.457395
0.487455
0.530922
0.305686
3.016941
1.405577
1.883219
0.041614
0.190739
0.384459
0.129075
1.343077
0.156230
0.450567
0.216657
1.009986
0.789223
1.081232
4.481502
0.649706
4.864807
2.244670
1.406261
0.836056
0.240949
1.630453
0.136515
0.511949
0.623342
1.249181
0.410042
1.777384
0.104331
1.379576
0.099049
0.051422
0.699345
2.850804
0.095281
1.129301
0.302976
0.238224
0.537340
0.520911
0.854977
0.942875
0.042695
0.128412
0.316516
0.030955
0.912075
0.305986
2.583859
0.435799
1.773054
0.149238
0.171276
3.165178
0.775030
0.970910
1.111861
2.084955
0.601812
1.470227
0.978171
0.790724
1.716181
0.135924
0.670771
2.420590
1.628785
1.386572
0.131368
0.247861
0.169710
1.196705
1.772108
0.220506
1.705514
0.106853
0.259247
0.538935
0.454044
0.165919
1.469168
0.217076
0.344636
2.621340
0.165966
1.776859
0.795305
1.737151
1.225941
0.000739
0.901662
0.401255
0.792353
0.535040
0.611773
0.036568
0.393761
0.303058
1.541673
0.595276
0.655805
2.848480
0.158294
0.372516
0.150770
3.344503
0.531612
0.459376
0.480221
1.501878
0.736489
0.163975
3.590663
1.675201
0.081786
0.133926
1.031592
0.986411
2.982295
0.430905
0.988393
0.784011
1.141311
0.192430
3.164932
0.148746
0.236933
0.333053
0.510252
5.787050
1.316236
2.125540
2.796892
2.105856
0.212739
0.082247
1.851388
0.926281
0.592900
0.254033
0.480078
3.457320
0.470917
0.436468
1.519667
0.605323
0.652062
0.552996
0.084675
0.559234
1.491013
1.234484
3.567798
0.607806
2.154706
2.653066
0.900583
0.099841
0.239315
5.009103
0.096457
2.894808
2.071113
0.031441
1.731317
0.067837
0.116430
1.096404
1.107341
0.814605
2.209678
0.052166
0.745855
0.309021
0.518376
0.366562
1.272738
2.150228
1.315511
1.615082
0.373815
0.706270
0.713637
0.333625
3.269490
0.501211
0.239835
0.811124
0.671820
0.555258
0.796210
0.870298
0.463252
0.549773
0.947073
0.215318
0.670421
1.280252
1.963579
0.172059
0.327419
1.385930
0.234329
1.634191
0.015869
0.950394
0.118532
1.330594
0.687074
1.854313
0.769608
1.654694
0.430719
0.048084
0.097092
0.373868
0.581873
0.364952
2.021730
2.664573
1.316191
0.538777
0.716506
0.108266
1.829199
0.132012
0.351440
0.397444
1.868870
0.169569
0.665600
0.133441
2.363183
1.187225
2.656554
2.546228
0.368668
0.042476
1.070909
1.636289
2.163054
0.215806
0.952302
0.267859
0.275825
1.226475
0.791680
1.146344
0.012523
0.535274
0.948231
1.363713
1.778031
0.132524
1.876676
1.110140
0.284737
0.154584
6.470655
0.098153
0.355532
0.662592
0.246425
0.229513
0.197744
0.160428
0.135479
0.668971
0.210484
1.532502
0.346815
0.077782
3.821896
2.377437
0.370801
0.247395
0.951626
1.943065
2.316394
0.984389
0.316393
0.721435
0.463025
0.107871
1.016288
0.245293
1.481676
2.170259
0.447464
1.474887
3.879639
1.078668
0.295287
0.220338
2.002710
0.571110
0.424606
4.795526
2.562220
0.767397
1.494943
0.243257
0.943185
1.401824
0.131411
2.531159
3.612676
1.335714
1.501342
2.074588
0.451554
0.049606
0.491575
1.324203
0.163286
0.026757
3.026392
2.569101
2.433307
0.374348
1.186103
2.221886
3.583243
3.001204
0.093594
1.815513
0.486742
0.571496
1.765969
0.368518
3.543927
0.928155
0.742698
0.871592
0.444055
1.042177
0.697452
0.402854
0.485066
0.327556
0.230650
1.377159
0.397070
0.902191
0.657183
0.650787
0.969486
0.567749
0.513765
0.761374
1.368309
0.101315
0.552640
1.264705
0.047747
0.721380
0.809508
0.565633
2.980626
0.484349
1.348000
2.529979
4.475864
0.307086
0.697264
0.426469
2.427313
0.004211
1.135630
0.351076
0.333404
2.160761
0.044762
0.944773
0.652164
0.745422
0.093868
0.105143
3.186077
0.676011
1.001795
1.217832
0.886028
0.059062
0.547847
1.006036
0.846929
3.760575
0.068636
0.735031
0.447274
1.642862
0.581335
0.429632
0.073632
2.863000
1.192179
4.057792
2.939444
0.470358
0.326815
0.262176
0.301083
0.389431
1.844250
1.343490
1.884033
2.680242
1.825551
1.643462
0.549586
0.637999
0.715024
0.010577
0.752904
2.697499
1.035231
0.105665
2.400814
1.241983
0.969647
0.314694
0.729320
0.063613
0.965582
0.888554
0.004545
0.379329
0.847378
3.029071
1.174093
1.898758
0.201215
3.013582
0.189713
0.024415
1.171025
0.021048
3.113910
0.752520
1.757463
0.475434
0.000474
0.413000
0.492504
0.753911
0.316032
0.034344
0.993579
0.198841
1.366297
0.288394
0.598396
0.304779
0.374207
0.072082
1.906927
0.380822
0.486499
0.549786
0.312439
0.079180
0.319066
0.598934
0.027382
0.590547
0.643829
1.262173
0.628866
0.562638
0.282077
0.348596
1.653810
0.282705
1.001466
0.220131
1.494927
2.339492
0.263116
0.520011
0.087677
3.742193
1.067171
0.764107
0.273137
3.447829
0.925826
0.094834
0.335313
4.511795
0.720318
0.805701
0.067366
1.544469
0.003836
0.096685
0.264683
0.651144
1.656109
1.201824
2.395219
0.056468
5.063489
1.264175
0.358336
0.984399
2.466445
0.080014
0.754937
0.158365
0.658519
0.951666
0.130974
0.148967
0.160348
0.449058
0.112707
1.394121
0.601931
0.496715
1.350812
3.371138
2.894959
1.640503
1.395232
2.966702
2.285486
4.184835
0.557007
1.228932
1.152424
0.409361
1.436741
1.132603
0.054935
0.065564
0.362611
3.459912
0.151238
1.796383
0.122200
0.974821
0.594216
0.271531
1.431888
0.906731
0.915190
2.022911
0.427874
0.053197
0.300029
0.093297
0.017610
0.228033
2.255648
1.468287
0.165381
1.577309
1.404277
0.866330
0.694878
0.577296
2.470220
0.305389
0.123742
3.470140
0.395452
0.545649
2.771865
0.629199
0.293883
0.053911
0.094005
1.212817
0.342873
1.902895
0.354961
2.205743
1.267956
1.041021
2.841085
3.807547
1.331742
3.196468
0.200526
0.997440
1.304802
0.406659
0.552772
0.660156
2.449197
2.597119
2.548674
1.766506
0.209088
0.038956
1.599281
0.724225
0.613858
1.329585
4.033137
1.249590
1.550681
0.074726
0.537887
0.081393
2.562217
1.254630
3.442014
1.025716
0.448986
2.403926
0.965633
0.102817
2.030507
1.614236
1.305213
0.910072
0.145126
0.166683
0.084180
0.049951
0.082344
0.002552
2.102051
0.311593
0.041609
1.126248
1.527951
0.692141
0.529610
1.449454
0.239368
0.221972
1.815874
0.991267
0.324665
1.427828
0.421157
0.281343
0.513548
1.222264
0.168263
0.021110
1.625289
0.023882
1.725109
0.759352
0.970494
3.144993
1.156971
1.210119
0.005672
1.446501
1.218705
2.149442
0.032862
1.367052
0.819172
1.689282
0.280560
3.518932
0.869048
0.611593
0.185644
0.541205
0.090371
0.591786
0.196166
0.562330
1.177306
0.866919
0.145671
1.875752
0.917903
2.792028
2.042990
0.549031
0.636263
0.676219
0.477107
0.169954
0.214806
0.486263
2.537092
2.279739
0.312700
3.062549
1.029548
1.758716
1.463520
2.184546
1.599998
0.429598
0.423097
3.427567
1.457503
0.564566
0.534770
2.906030
1.976984
0.112148
0.744574
5.833320
3.054391
0.134341
2.745361
1.732782
0.794513
0.521732
0.377857
2.625857
0.827376
0.709223
0.374988
0.661085
0.520308
0.870441
0.574370
0.049710
0.525884
0.230068
2.748336
0.232021
0.809118
0.329826
0.191892
0.388508
1.245990
0.888676
0.310937
0.852982
1.187078
1.571677
0.846134
1.043377
2.501173
0.706646
0.636663
0.627753
2.444296
1.539991
0.500598
0.646298
0.347560
1.225995
3.212068
1.201486
0.339351
0.505287
1.377325
1.193147
0.921775
1.151106
2.341376
0.170714
3.342856
0.081654
0.651755
1.130128
1.100242
1.370854
0.288837
0.449570
0.773085
1.724822
0.009884
0.609587
0.398240
0.655428
2.559212
0.276692
0.309787
0.380480
1.264891
0.820952
0.023270
1.131518
0.300079
0.372178
0.077015
0.007013
0.007531
1.127975
1.173448
2.422585
1.791255
1.065271
4.577268
0.374139
0.404027
1.069810
0.059993
0.875244
0.019208
0.907931
0.519252
0.029284
0.054526
1.322509
0.712614
3.717314
3.698787
1.496272
0.345548
1.180831
0.409509
0.378582
0.462723
0.904521
0.983331
0.587990
0.921938
1.003593
0.128822
0.346660
0.786904
3.081699
2.962675
0.764568
0.309570
0.329467
0.212440
0.392253
1.994605
0.236249
2.539683
0.313297
0.273483
3.656417
0.002505
1.381962
2.993255
3.805327
0.744337
0.277129
1.110861
1.973099
0.814664
0.042029
0.609246
0.202298
0.664979
0.060272
1.696024
0.932890
0.433010
0.448378
0.822581
0.356340
2.261458
1.754125
0.868593
0.091231
0.164177
0.587691
0.353265
0.075280
1.249523
0.769777
0.047817
1.258289
0.336590
5.674546
1.182891
1.664681
0.272611
0.453080
1.113900
1.588768
0.520019
0.136923
3.861881
2.218301
0.206354
1.587482
0.688739
0.771975
0.170666
0.060276
1.818099
0.054138
2.166625
0.541499
0.150696
0.037540
1.984245
0.575364
0.115816
0.857725
3.664524
0.169665
0.344936
0.301351
0.165607
4.222820
0.073572
0.496318
0.430284
1.357336
0.207092
1.407177
2.044981
0.181553
1.039512
0.058765
3.259349
0.155676
0.903800
0.126111
0.226473
0.566758
0.187754
0.092220
1.902218
0.372620
0.133462
1.249244
1.380602
0.266966
0.341298
1.283581
0.494876
0.869615
4.082717
0.783016
0.835241
0.055586
2.721231
2.475814
1.593189
0.129267
1.111916
1.100637
0.338677
0.381912
1.288852
0.286182
0.619169
0.384759
0.457850
1.091440
1.394423
0.773358
1.395790
0.923282
1.894538
2.098032
0.379893
0.911764
0.118337
0.929421
0.387343
0.697069
0.205924
0.362808
0.045972
1.395677
0.443711
3.869806
1.103344
0.168505
0.105804
0.414474
1.728301
0.490510
1.069316
0.791481
1.012141
0.125978
2.011503
0.003925
1.526167
0.962954
0.781884
0.765708
0.249774
0.497694
0.531535
0.770219
4.630911
0.742129
0.153508
0.373089
0.026198
0.398109
0.956270
0.073419
0.084192
3.650643
0.051216
1.382246
0.138227
0.162902
0.092442
3.026454
0.772215
1.366707
0.689832
0.191852
1.990848
0.453425
0.196610
1.038609
4.062185
1.276348
0.199731
0.227920
0.119926
0.899793
1.350541
0.108999
0.124710
2.147342
0.535570
0.154440
0.237771
0.030810
0.240663
0.345823
0.004376
0.306281
0.042227
0.143252
0.534684
0.138856
0.088807
3.039820
2.077054
0.875430
0.135508
1.339875
2.954005
0.364155
0.484792
2.668706
0.026510
0.832923
0.144413
0.149865
0.172652
2.082403
0.277658
0.322711
1.421198
1.070342
0.542869
3.512980
1.162988
1.001890
0.304563
1.177056
2.269492
0.362265
1.744571
0.372196
0.568364
2.410811
0.305082
0.368530
0.680379
0.493747
0.047481
0.582401
1.187054
0.563078
0.465378
1.276698
5.465496
0.706379
1.967679
0.167637
0.481173
0.108324
0.562393
0.151425
1.426168
1.890990
0.117331
0.592798
0.657573
0.467229
0.149703
0.475665
1.130617
3.333075
1.168956
0.117337
2.076042
3.041694
0.542943
0.459102
0.418415
0.626117
1.658593
0.037486
2.262233
0.200521
1.418137
2.222408
1.165611
0.962477
0.047083
0.072796
1.275532
0.646546
0.236643
0.654869
0.393377
0.387777
2.627089
1.645678
1.186461
0.069080
0.205361
0.465002
0.031558
2.079085
0.658902
2.360630
1.755629
2.318158
0.319914
0.185261
0.457097
0.087064
0.230552
0.304847
0.307990
3.317040
0.167727
3.064986
0.871782
0.223653
0.023837
0.360270
1.128726
0.266942
1.527867
0.001782
0.811298
1.240338
1.654952
0.288241
1.502656
5.211272
0.973616
1.653006
2.036387
0.110782
1.252343
1.193040
0.006432
4.419036
2.008533
0.467275
0.074008
0.074421
1.010755
0.410096
0.036103
1.562897
0.342151
0.960383
4.697164
0.375879
2.522806
1.100916
0.793182
1.213242
1.106284
0.109052
0.533551
0.650304
0.436546
0.211886
0.639906
3.730541
7.541533
0.418792
0.084345
1.250489
0.039636
0.091345
1.209285
2.350471
0.617279
1.482476
3.746303
0.101641
0.115791
0.011925
2.181409
0.509323
0.991845
2.103706
1.246226
0.796009
0.788404
0.301117
0.289874
0.241619
0.451495
1.093993
1.180118
1.262518
1.938402
0.180822
1.181167
1.934722
0.708413
1.487069
0.842044
0.790619
1.975176
0.315753
0.599860
0.388391
0.044668
0.557754
0.542142
0.166083
0.578679
0.364731
0.803234
0.070926
0.202867
0.307250
0.960618
1.305797
0.743477
2.032449
2.876850
2.188068
0.763804
1.011827
0.928683
0.494584
1.618789
0.353830
0.281980
0.370247
0.074693
1.686760
1.937054
2.706572
0.089533
0.366702
0.294489
0.138489
1.326104
1.119591
0.331775
0.190981
3.872957
1.798622
0.277496
0.177712
0.104258
1.963723
2.224328
0.976968
1.304348
1.805137
0.716244
0.304841
0.638647
0.123685
1.058243
0.320006
0.535030
2.289135
0.875369
0.666154
1.250113
0.578326
0.543959
1.605294
1.371002
1.122830
2.638015
0.655154
0.428062
0.236797
1.062733
0.396652
0.046381
2.271193
0.673832
0.155869
1.412540
0.481442
1.460491
0.663835
0.245461
0.327523
1.377876
1.170055
0.503578
0.512196
3.310595
1.660647
0.355914
0.791416
0.351408
0.013080
4.265916
1.258282
1.672188
1.317173
0.495117
1.349621
0.239205
1.342197
3.026393
2.019183
0.068451
5.754473
1.444123
0.812853
0.152173
0.735060
2.789004
2.397308
0.005666
0.169809
0.208663
1.400541
1.869661
0.876991
0.167659
1.657209
0.500794
0.604816
0.440253
1.172005
0.628897
0.418684
0.521066
0.327095
0.077093
1.592646
0.019842
0.338194
0.766454
3.545849
0.167447
0.920056
3.441623
2.503797
0.171871
0.115576
0.577588
0.101402
0.018352
0.587705
0.291160
0.231322
0.220567
0.103615
1.562950
0.434318
2.383335
0.203873
1.640512
0.306368
2.076953
0.318746
0.931334
0.329618
0.802793
1.139961
0.080575
0.847629
3.414620
0.948702
0.782473
0.129300
0.241129
0.714807
0.040318
0.465490
0.967218
0.650596
0.632245
1.016237
2.559604
1.277284
1.861504
0.128516
1.712770
1.007979
0.640354
1.299721
1.711902
0.327135
4.741735
1.184714
0.802857
0.909436
3.687593
0.109678
0.324923
0.053804
1.125308
0.280413
1.094041
0.246123
0.455419
2.115271
1.305221
0.519756
0.289780
0.428859
2.150718
1.273589
4.327038
1.641260
0.582288
1.779957
2.615444
0.302479
0.628106
0.510424
4.457431
0.336699
1.135606
3.896366
3.914175
0.262308
0.860225
3.101333
0.407371
1.926549
0.007421
0.010101
0.104115
1.116367
0.259061
0.624921
0.802810
3.149151
2.040454
1.627113
0.365081
1.400920
0.741662
0.346234
0.820739
3.354112
0.132398
0.667009
0.256281
0.892589
2.176107
0.241414
2.089757
0.833076
0.215880
1.940207
1.589712
1.474473
1.667791
0.139973
0.982032
1.707767
0.151601
1.288546
0.675823
0.460280
0.209518
0.044155
0.394532
0.060871
1.875347
0.999303
1.674963
0.462634
2.583847
0.466137
0.408625
0.049741
1.961391
0.824422
1.018685
1.369850
1.496087
0.724046
0.372724
3.511995
0.464482
0.113349
1.351944
0.201964
0.271519
0.456833
0.001607
0.475536
0.095457
0.678984
1.375716
0.328598
0.768005
0.076175
0.414187
0.482499
1.221492
0.164648
1.398924
0.993515
0.743150
0.092745
1.133985
0.484060
1.050067
0.381527
0.138778
0.555266
1.786147
0.581112
0.504584
0.228074
0.793817
0.147928
0.489081
1.540208
0.701624
0.491703
0.179260
0.904519
2.131020
2.424223
2.082094
0.540162
4.186399
0.241376
1.609973
1.171212
0.456119
0.805744
0.385274
2.213186
1.026715
6.208361
0.320718
0.345176
0.378584
0.517432
1.265794
0.159658
1.862233
0.121296
0.433092
0.498500
0.289998
1.340592
0.196286
1.410405
0.135505
0.419059
0.432660
0.008041
0.292745
0.256894
0.554003
0.272579
0.581613
0.255489
2.639396
1.646444
1.508266
0.285460
1.197044
0.545633
0.282786
3.585835
1.246287
0.824369
0.471985
0.562846
1.234615
0.249631
0.786672
0.062463
0.950549
1.591486
1.603762
1.568746
0.803705
2.598119
0.143903
2.338748
2.711988
0.490721
0.139379
0.444648
0.984575
0.846545
0.878062
0.809675
0.475413
0.451173
1.626224
0.079353
1.530833
0.050923
0.049792
0.685326
0.944528
0.553055
2.610309
0.385942
1.037674
0.637014
0.479234
0.300015
0.311303
0.197968
0.052227
1.713912
0.111145
0.204463
1.285154
0.039558
0.850340
1.920689
0.507060
0.222059
0.552690
4.025702
1.402951
1.624408
0.423530
0.815222
2.114099
0.138013
0.934219
2.628739
0.980794
0.246213
0.434854
0.801791
0.773131
6.414768
0.022865
2.515496
0.297808
0.342650
0.104007
0.368810
0.116482
0.228121
0.679950
1.791835
0.278073
0.068373
1.161041
1.023027
0.308185
0.118153
0.974566
0.019540
2.458206
3.439285
0.859931
1.578276
0.101839
0.203238
1.278338
1.279459
0.514433
0.077033
0.319224
2.823377
0.075266
0.350825
1.964487
0.400567
0.881904
3.183355
1.017500
1.190595
0.177365
0.141403
0.753546
0.519672
0.220583
0.243532
0.046860
0.622072
0.396880
1.103895
0.658782
0.277068
1.011523
0.061160
0.036318
1.321109
0.278714
1.415380
0.606920
1.036777
1.779678
1.302910
0.881888
2.341442
0.024449
0.590178
0.266404
0.942016
0.518060
2.058646
0.365454
0.836674
0.004243
1.804385
3.580391
0.225875
0.052947
0.018077
1.094674
0.476674
1.159437
0.160016
0.970621
0.389601
0.232181
1.069497
0.057453
0.598640
0.534411
0.714997
0.100755
0.281426
0.273209
1.145217
0.161466
0.305465
0.136526
0.482846
2.066552
0.759163
0.294839
0.197838
0.104020
0.300541
0.015034
0.073569
0.619459
0.068805
0.093039
0.135952
0.589953
1.492453
0.321564
0.069135
0.102977
0.658134
1.285972
0.166865
2.697481
0.148041
1.092110
0.028884
0.482720
2.338821
1.238964
0.759290
0.182455
1.819742
2.464828
0.040985
0.461836
0.186721
0.248017
0.632366
0.561956
0.267324
0.775649
2.222589
0.358200
0.990037
0.018966
1.373234
0.516872
0.347819
1.679393
0.696089
1.495916
0.770312
1.064659
1.232996
1.123115
0.385143
1.335801
0.059360
0.252580
0.593064
0.890705
0.494270
0.335894
0.702411
0.562365
1.064718
1.123731
1.049233
0.132209
0.110756
2.157350
1.088970
5.659070
0.205102
0.345133
0.015420
2.690441
1.189054
0.369724
1.369091
0.219350
0.088866
0.332391
1.911317
1.578004
3.158914
0.188454
0.756440
0.015277
0.502472
3.818267
0.928349
1.536887
0.305622
0.115865
0.242187
2.507275
1.534052
2.001626
0.043275
2.199870
1.383312
1.223458
2.168900
2.728592
6.059015
2.312620
2.016187
1.181410
0.235815
0.948039
2.208311
0.349706
2.256586
1.355681
0.092903
1.916105
2.453287
0.965965
2.024812
0.369552
0.909857
0.640129
0.098613
1.971508
0.872705
0.369612
1.510785
0.456527
0.191018
1.723814
0.295315
2.565714
0.749516
0.152451
1.950694
0.744583
0.043323
1.289757
0.246184
0.290982
0.411225
0.114666
0.793136
0.264558
1.900889
1.011411
0.089132
1.446273
0.295283
3.063090
0.076352
1.917984
0.555183
0.183223
1.251241
0.008247
0.647056
0.679469
0.469577
1.050673
0.377941
0.995431
0.851987
1.846008
1.477687
0.564328
0.457604
1.683262
0.169508
0.880498
0.069033
0.679407
1.183385
0.952645
1.292939
0.785973
0.288449
1.665018
0.369439
0.705734
1.444219
0.481895
0.445274
0.210847
0.798076
0.076019
0.221040
0.026571
0.835438
0.851084
1.128614
2.129007
0.227508
0.287618
1.284382
3.701732
1.143223
0.094729
1.558518
1.814805
1.126407
1.939725
0.400795
0.461343
0.635892
0.057364
2.452100
1.276946
2.014124
0.252013
0.257950
0.995963
0.929258
0.883624
1.718889
0.168370
1.078571
0.019234
0.199891
0.256486
0.896729
1.949810
0.113481
1.587590
0.113898
1.774651
1.473604
1.555238
2.536253
0.822013
0.983476
0.907929
0.539072
3.128211
3.387439
2.182562
0.012026
2.121033
0.937412
2.107978
0.108541
1.806222
0.711615
1.231040
0.548949
0.400304
1.987558
0.085953
0.429144
0.045155
0.369032
2.830767
2.321252
0.537642
1.334138
0.009546
0.282805
0.708294
1.601277
0.182927
0.070391
0.552259
1.443128
0.662969
0.478933
1.309396
0.465102
0.498420
0.941889
3.926575
0.316118
1.248158
1.692903
1.514927
0.546415
0.272411
0.116601
0.334003
0.386872
0.614324
0.397644
0.992682
0.510869
0.261298
0.046352
0.146925
0.273712
0.344786
1.033267
0.038543
0.613964
1.245239
0.620198
0.251814
0.219163
1.849717
3.049720
0.841039
0.268178
0.827221
0.796348
0.705736
0.322555
0.454197
0.337476
1.192975
0.925082
0.504993
3.944074
2.581279
1.934366
0.369225
0.806857
0.295056
0.773660
0.913884
0.497829
1.505651
2.213329
0.036984
1.692478
0.429956
1.380060
0.325868
0.848803
2.904898
0.128763
0.743811
0.721513
0.440128
0.091500
0.065083
1.982684
0.451209
0.558708
0.161028
0.061689
0.032062
0.787946
0.041297
3.120768
0.512003
0.429531
0.712571
1.067743
2.188045
0.115023
0.049576
1.096589
7.290794
0.088477
0.657642
0.428909
1.790437
1.427233
2.536462
1.506693
2.127335
0.589788
0.345794
0.270355
0.761412
0.439052
0.104464
2.264674
1.529727
0.284918
3.122679
1.687178
1.575743
5.631474
1.473317
0.215488
0.424040
0.329135
1.897579
0.265877
0.492836
2.287070
2.297181
0.491720
4.081185
0.480275
1.336390
1.694045
0.152469
1.073124
0.902841
0.022512
0.109387
2.179709
0.299960
1.012279
0.277439
0.443703
0.760883
0.026019
0.932086
0.670813
1.836604
0.509850
0.663829
0.945406
0.899598
1.776238
2.224997
0.585793
0.066346
0.329951
0.418204
3.314591
1.107050
0.392871
0.423178
0.522012
0.152114
0.666413
0.066927
1.330645
0.710727
0.184347
0.974500
1.460436
1.634565
2.001717
0.134914
0.412050
2.212563
1.318552
1.751095
1.313871
0.141439
0.373298
0.419616
1.291561
0.153462
0.267400
0.184517
0.231251
0.724997
0.713893
0.186463
0.204740
1.802722
0.723912
0.896037
3.740598
0.001602
1.068719
1.244633
0.713991
1.742425
0.407325
0.325978
0.993894
0.222480
0.518166
3.428874
0.094365
0.147185
1.579844
1.721890
0.313011
0.111527
0.179094
5.102173
0.284752
0.508504
0.177227
0.605610
2.456662
1.116807
0.979148
0.104717
0.708925
0.150262
1.175179
0.661817
0.152124
0.427386
0.218206
1.053924
0.189579
0.756327
2.653732
1.622323
1.309637
0.406466
1.470272
1.715528
0.636514
0.830411
1.025557
1.345629
1.107641
1.636685
1.322533
2.494497
0.228133
2.262895
0.464771
0.125859
0.840784
5.544213
0.245493
0.079536
0.145728
2.395991
0.822213
0.323967
0.296663
1.412977
2.633300
0.561065
0.338548
1.950317
0.263912
0.017428
0.212910
0.002098
1.816514
1.086597
0.835231
0.651644
0.514602
0.269042
0.334337
0.145954
0.166469
0.669761
0.032268
0.744591
0.932496
0.917244
0.736392
1.737904
1.129595
1.069351
1.320615
0.270993
2.710480
4.578982
5.109386
1.977999
0.543234
0.330110
1.270915
1.052948
0.354438
2.421329
1.058974
0.145998
0.852926
0.247711
0.953610
3.733696
0.607525
2.291055
0.118669
0.938162
0.489406
0.155077
0.143553
5.026661
1.362704
1.063881
1.701282
0.546225
0.373466
0.799796
1.073664
0.281237
0.777212
1.056146
0.112950
3.205157
2.708474
1.750021
0.942994
0.263698
1.337223
0.306156
0.458289
0.372892
0.659988
4.033503
0.338773
2.787830
2.129709
0.509583
0.792081
0.312163
0.782864
1.142012
0.303238
0.338186
0.409037
0.082434
1.230336
1.042323
0.993460
0.455788
2.230412
0.186355
0.018427
7.294066
0.138651
3.028657
1.746118
1.347106
0.202623
0.827768
0.003744
0.800841
2.073355
0.667244
0.762147
0.176252
0.553950
0.535229
0.822907
3.590780
1.147599
0.109538
1.059142
2.885604
0.495427
4.505955
0.023582
0.103690
1.011487
1.058469
0.624641
0.752554
1.731799
0.659334
0.751112
3.047081
0.569910
0.436505
1.179316
0.961909
2.485131
1.191542
0.184988
1.565049
0.202271
1.211409
3.047343
0.937645
0.124076
0.720235
0.869584
1.605890
0.960017
0.266731
1.360502
0.007834
0.252415
1.455749
0.112383
1.961839
0.544361
0.845936
0.491413
0.278157
0.055141
2.481677
0.217316
0.669572
0.314856
2.187789
0.111949
0.206767
0.877269
0.321302
3.803771
1.457617
3.773055
2.662530
0.471061
0.098391
0.586251
3.135791
2.234876
0.062625
0.211531
1.011873
0.070967
0.533981
0.516236
0.192136
0.319013
1.731746
1.369042
1.082855
0.068115
1.605935
0.862204
0.302689
0.338794
1.883057
0.161351
0.499688
0.035282
1.320843
1.102850
0.012458
0.693746
1.035903
2.857865
2.087149
1.342468
0.488085
1.786739
0.999113
0.592223
0.023422
0.312326
0.724454
0.574269
1.113201
1.171879
1.237937
0.682245
0.572462
0.464245
0.821812
0.268093
2.979080
1.723375
0.739263
1.594727
3.524854
2.474732
1.782025
1.216159
0.876807
1.858433
0.228072
0.260047
1.545019
0.083265
3.435309
0.189819
2.434828
0.915238
0.967044
2.741669
2.023710
0.145263
0.465886
0.775073
1.745380
0.086037
0.034435
0.302845
0.604825
0.901931
0.686072
0.515822
0.537430
0.019167
0.223177
0.488242
2.730275
0.032244
0.094233
0.731242
2.085964
0.347945
1.377033
1.086204
0.468014
1.256876
1.804213
0.337072
0.378391
0.607320
0.250617
0.201961
0.892565
0.901651
1.280865
0.537542
1.128680
1.410800
1.130426
0.139688
0.431194
0.190621
0.762198
1.452515
0.213860
1.321957
0.165246
0.136206
1.448665
0.277394
1.038533
1.024235
0.768101
0.500381
0.361593
2.406411
0.115589
0.149463
0.218161
0.551988
0.901453
0.540742
0.934121
0.203852
0.011855
0.399392
0.916878
1.165793
0.089186
0.324815
1.707573
0.571976
0.599462
0.433950
0.225158
1.031230
0.089315
0.436839
1.473025
1.900852
0.906759
0.539217
0.676266
0.141881
1.663342
1.584363
0.043051
2.521413
2.714344
0.271994
0.421366
0.750294
1.066606
3.014286
1.245453
1.101446
0.328770
0.374583
0.439955
0.454942
0.891021
0.191923
1.614986
0.041506
0.747993
0.002720
1.152292
0.947077
0.441053
0.606707
0.621172
3.053577
2.053011
3.082888
0.088925
1.146168
1.382681
0.136075
0.920805
1.148369
0.454705
2.912340
0.236506
0.021418
2.268867
2.561466
1.167318
0.194510
0.268184
0.045766
0.781492
1.742946
0.247645
0.420656
2.007324
1.370610
0.424802
0.797931
0.443439
1.213154
0.004608
1.719589
1.065812
2.089490
1.491804
1.349529
0.817345
0.742607
2.023899
0.174590
0.231900
0.265562
0.111882
0.540587
0.293587
0.002424
0.416125
2.868484
0.197455
0.857161
4.418620
1.278195
0.511878
0.232326
0.067042
0.309632
3.065305
0.529236
1.692949
0.373291
0.120685
1.718256
0.142019
1.466371
1.193597
2.379776
0.713097
0.294731
0.564854
0.474392
0.536942
1.017582
0.944079
0.736718
0.057762
2.005283
0.741789
0.505056
1.653352
1.213760
3.581395
1.592295
0.552312
0.466480
0.003862
0.671830
1.019092
3.151564
2.304303
0.607155
0.313000
0.013955
0.322581
0.512736
1.528304
3.596978
0.368999
0.346686
0.258592
1.347577
1.110816
1.030942
0.475882
0.330829
0.179901
0.570556
0.159054
1.165989
1.779733
3.115478
0.496442
1.626991
1.395071
1.691135
0.193917
1.410747
0.363723
1.689301
1.249158
0.229524
0.315331
4.017596
0.247111
0.790044
0.483128
0.002045
0.731407
1.176756
0.349580
1.372907
0.565377
3.373360
0.494230
1.663455
0.284219
0.808797
0.281442
0.501615
0.278382
0.079717
0.430922
1.005941
2.121117
0.107892
0.597817
0.058028
1.954143
1.406112
2.053602
0.847623
3.218719
0.153362
0.806477
0.197159
1.165893
2.760200
0.199651
0.232089
0.990055
0.646262
3.073803
0.062192
0.582903
0.421160
2.046505
1.168357
2.285938
0.123434
0.087270
0.152351
0.214112
0.568562
1.494383
0.075634
0.767733
0.255670
0.138367
0.501288
3.937745
0.000950
3.376063
2.821806
0.154469
0.732699
0.127199
1.780735
0.609010
0.357282
0.039375
0.088345
1.498003
4.875036
0.156481
0.246091
0.409594
0.015791
2.378077
0.267097
0.141318
4.693100
0.471148
0.392345
0.552521
0.164082
0.506459
3.229904
0.473097
0.747805
0.438023
0.442292
0.749812
0.386408
0.353736
1.110709
1.831939
0.540222
0.697478
0.350989
1.265161
0.778206
0.478944
0.681673
0.761717
0.745316
1.246111
2.034207
0.778885
0.966663
0.109388
1.117395
0.942870
0.652643
5.951665
0.035621
0.996038
0.502151
5.388922
0.007619
2.542976
0.430971
0.454175
0.595862
1.110571
1.087577
0.127365
0.714424
0.083761
0.972195
1.642656
1.600256
0.177356
0.207144
0.345855
1.189592
1.246577
0.004775
0.832111
0.292487
0.979268
1.104090
2.609987
0.267756
0.159957
2.575221
0.314574
1.507241
0.383658
0.308338
1.542106
0.274441
0.955695
0.163812
1.167693
0.336990
1.682363
1.652887
1.592632
2.248238
0.562561
0.924184
1.179508
0.898378
1.561803
4.196733
0.340274
0.698673
4.577483
1.919334
1.412025
0.952263
0.737690
1.148270
1.890732
1.107459
0.933127
0.126628
0.594356
2.594459
0.484950
0.266772
0.180704
8.206184
0.486540
1.925749
0.336608
0.222289
1.086893
0.086017
0.098419
0.097601
1.156983
1.543188
1.157597
0.645899
1.475155
3.656783
3.842694
1.431191
1.757242
1.327704
0.470178
0.429649
0.540821
0.253793
0.019046
0.024711
0.420203
0.629136
2.990183
1.299598
1.207646
0.122212
1.298597
0.090308
3.482599
0.012981
0.336406
0.999699
0.100172
0.477065
1.290980
1.518159
0.181161
0.528919
0.296647
2.763918
0.486041
0.268217
1.197102
0.238794
3.512339
0.075846
0.824819
0.490864
0.352667
0.868814
0.531557
1.022416
0.048664
0.449468
0.458286
1.380707
0.648311
0.099510
1.801504
0.591212
0.113859
0.128534
0.081594
0.226818
0.693175
1.626346
4.123949
1.095756
0.240941
0.275113
0.922985
0.913931
0.645828
0.357533
1.668541
0.590490
0.467832
0.467070
1.794848
1.111180
3.072941
0.282573
0.372666
0.001215
0.936981
1.135500
1.385548
0.089118
1.484824
0.878906
0.758448
2.129253
1.222066
0.941509
0.087748
0.229908
0.533266
0.070238
2.048767
0.987320
0.368663
0.642027
0.256805
1.533000
1.488884
0.038698
0.261439
0.160189
0.529538
0.066038
1.708411
0.453876
0.371155
0.139206
0.455789
2.504139
1.653860
0.123146
0.003523
0.872627
1.206071
0.765985
0.622170
0.520889
0.156754
0.792371
0.945207
0.817350
0.954663
0.658760
0.205581
2.569150
3.130005
0.531551
1.229333
1.311774
0.598322
2.773704
2.109282
1.976088
0.001475
1.195745
0.256478
0.373294
1.757201
0.897175
0.261094
1.011049
1.231501
0.265671
0.246298
0.525558
1.462883
1.144234
1.686225
2.447815
0.259759
0.555446
0.638503
1.856749
2.393504
1.072195
1.457661
2.002282
0.072625
0.643847
0.905428
0.734631
0.531542
0.643036
0.480793
0.534054
0.188534
0.936327
1.292125
7.265161
0.223412
3.103431
1.009128
2.389895
0.208764
1.922601
0.381459
3.142976
0.766376
0.141469
2.043021
1.444214
0.816675
0.418978
0.936210
0.628844
0.000025
0.470177
0.403116
0.072652
1.896059
2.622746
0.892557
0.304005
0.513668
3.579120
1.126761
0.852215
0.867582
0.512882
0.850576
1.515261
0.440581
0.233566
1.166709
0.786911
0.064078
0.005762
0.696346
0.909748
0.148109
0.465152
0.448544
1.189954
1.252607
3.484530
0.177402
1.252693
0.422266
0.681856
1.534058
0.216021
0.547695
0.469578
0.609585
1.733993
0.425924
0.141958
0.505760
2.615494
0.762657
3.499375
1.227984
2.206477
0.196110
0.503730
0.570333
0.274630
0.513283
2.752939
1.817206
0.774652
0.368487
0.221849
0.267749
0.022717
0.184278
0.506597
1.334564
0.718950
2.223584
0.736197
1.227642
0.376147
2.261468
0.178458
0.147249
0.277912
0.350670
0.763298
0.185733
1.768189
0.700488
2.092505
1.270364
1.144871
0.317935
0.167157
2.549529
1.120313
0.094523
1.424630
0.239474
0.508185
3.178849
0.593950
0.546236
0.135433
1.866367
0.171502
1.019981
1.335962
1.135286
0.425284
0.051918
0.854425
0.713058
0.207657
1.698864
1.638046
1.277932
4.313518
1.007855
0.254949
1.989498
0.437373
2.372784
0.145703
0.709689
1.764110
1.657619
0.912289
0.886886
0.022620
5.747578
0.790605
0.635301
0.540742
1.118076
0.379124
0.856338
0.374679
0.054070
0.292969
1.075598
0.108953
1.762748
0.184840
0.343535
1.037149
3.665306
0.012203
1.000079
0.940078
0.270724
0.683961
3.315166
0.155429
0.996881
0.638422
3.597682
0.580495
0.072862
0.822519
0.621282
0.069437
0.113287
2.702592
0.663131
1.515028
0.285694
0.061929
0.097269
0.358308
0.376885
1.392692
0.518135
0.153655
2.530207
1.187808
1.551020
2.251523
1.228403
0.544931
0.701510
2.889807
2.471050
0.630803
0.092516
0.790705
2.808600
0.062916
4.331642
0.010032
0.971947
0.597107
0.080194
1.304752
0.482185
0.825142
0.711226
0.997161
0.972536
0.920415
2.691441
2.747031
0.435781
0.410357
0.081551
0.319652
0.032211
2.012028
0.184355
1.342997
0.337434
1.116338
1.149961
0.225528
0.151240
1.477165
1.379836
0.083457
1.787931
1.328909
0.094367
0.605774
0.204362
0.182858
0.202249
0.837941
1.305419
1.177871
0.221239
0.432042
0.347733
0.140057
0.337853
1.041155
0.629755
0.454153
2.532648
0.691101
0.263051
0.093115
0.271695
0.729185
1.433110
2.541659
1.271550
2.320677
1.180844
0.631080
4.009769
0.745861
0.227174
0.074631
3.913155
0.491105
0.273158
0.178088
3.111145
3.441037
1.932385
0.167147
0.383880
0.161238
0.334936
0.930102
1.588968
1.393900
3.523399
1.260245
0.288842
0.225394
1.636431
0.670961
1.271169
0.836465
0.527713
0.578212
0.632153
0.108730
2.376050
0.598593
0.990751
0.116872
0.738834
0.938344
0.689854
1.432787
1.477778
0.604772
1.306839
0.986320
0.935794
0.049308
1.495947
2.228794
1.060158
0.848229
1.033487
0.978432
0.340019
2.254801
1.748115
0.098241
0.484328
0.788326
1.079780
1.579569
4.166556
0.137979
2.272677
2.221720
0.865834
0.745844
0.001880
0.107172
0.144322
0.693605
1.987673
2.367091
3.079762
0.897253
0.762069
0.824978
1.022830
0.369998
0.605314
0.348173
2.129401
0.103510
2.502539
0.185528
5.026562
1.362661
0.305037
0.473734
0.341668
2.566989
0.187853
0.320082
0.053524
0.070667
0.180908
0.998087
0.901141
0.183161
1.320676
1.303001
1.101401
0.906418
1.006576
0.971869
0.208678
0.183721
0.202582
1.764733
0.648357
1.014668
0.131010
0.443459
1.331088
0.041774
0.749764
1.306556
1.536816
1.562677
0.112695
0.077260
1.250573
0.325509
0.428112
1.451479
0.424751
0.721032
0.506157
2.812769
1.142927
0.139535
1.103362
0.428801
1.295610
0.360652
3.517797
2.460554
0.636030
0.166900
1.360158
2.950877
1.566343
2.011189
0.365130
0.748666
2.376064
1.792253
0.296053
1.177719
0.977744
0.450717
1.454020
0.411735
1.023510
0.121752
0.109008
4.322727
0.989889
0.694086
2.613165
0.370336
0.996165
0.903730
1.073554
0.441573
2.280062
0.990324
0.316889
0.459392
1.524449
0.015082
0.379854
0.852030
2.129800
0.972682
0.105866
1.552223
0.607608
0.441155
0.654394
0.082500
1.271308
0.283177
0.539035
0.446606
0.448236
0.733898
0.426087
4.568677
0.020647
0.319707
0.355427
1.053091
2.029376
3.154362
0.008152
1.453737
0.881595
0.328097
0.144606
0.459083
0.349097
0.599066
2.840246
0.193360
0.075379
0.042953
3.325286
0.750682
0.508745
0.587492
0.934313
0.125888
1.174072
0.024122
0.651027
0.053549
0.784823
1.745435
0.042666
0.830652
0.104327
0.416873
0.242552
3.431197
0.354149
0.252953
1.324095
2.155092
0.699574
2.029460
0.290679
1.598887
0.384588
0.215465
3.637920
0.497377
0.269026
2.776287
2.523630
1.006837
0.481285
0.748610
1.398016
0.075700
0.800309
0.263189
0.133585
0.099389
0.058513
0.182500
1.075417
0.169489
0.708689
2.073236
0.131882
1.639589
0.102828
1.948498
1.171337
0.918596
1.295013
2.852363
0.508827
0.046436
0.146328
0.466000
0.574922
0.465219
0.371387
0.441740
0.006651
1.178418
2.154676
1.425212
1.448768
0.570698
4.704571
2.208978
0.753914
0.048960
0.058692
0.208653
0.227760
0.831751
0.064587
0.396367
0.463073
0.174666
0.204263
0.062622
1.432062
2.417522
0.002998
0.174334
3.128861
0.149799
0.760305
0.500023
0.715641
1.849596
1.388564
0.729294
0.765576
1.006834
0.324752
0.356782
0.072028
0.312302
0.211044
0.913728
0.379827
0.284042
1.547857
0.733354
1.671197
1.896065
1.876955
0.201665
0.010156
0.032210
0.278832
1.475294
2.856919
0.282796
2.677600
2.290527
0.486858
0.623151
0.345693
2.268828
0.365928
0.043782
0.534977
1.841254
1.131538
1.176391
0.152518
1.374200
3.215123
0.403045
0.424543
0.322784
0.865082
0.142980
1.587550
0.495873
4.078662
1.028672
0.852360
4.987090
1.121519
1.697863
1.445887
0.959120
0.065341
1.189857
0.724755
0.595472
0.173738
1.649361
0.423524
0.627230
1.901559
1.425374
0.367176
0.751046
0.600006
0.595601
0.321702
0.529399
1.516343
0.970264
1.161268
0.445459
1.403422
0.658717
1.388019
1.336801
0.133536
0.391597
1.311149
1.605542
0.151927
0.683103
0.537836
0.228409
0.211571
2.681593
1.058139
0.431046
1.344666
6.299755
1.693374
0.891690
1.417763
0.131721
0.125750
0.234377
0.849060
0.499639
0.967525
0.434899
0.014370
0.366565
1.245280
1.463232
1.557670
0.620958
0.704872
2.457809
1.544558
0.269604
1.250355
2.624762
1.314051
0.138786
0.141269
2.550517
0.063080
1.535459
0.317633
1.611967
1.526966
0.092370
0.495187
0.777728
0.237808
0.710717
1.384246
1.531687
2.322367
0.461187
0.146761
2.479638
1.128105
1.888088
1.154356
0.626850
0.372818
0.211422
0.478206
0.102923
0.556670
0.098387
0.025673
0.172161
0.252686
0.170896
0.083507
0.334662
2.842735
0.434243
0.088750
1.289314
0.580671
0.645250
0.308009
1.055907
4.146258
0.014686
0.572617
2.172743
0.484580
0.849688
1.621316
0.062299
0.546610
0.667677
0.746814
1.317889
1.132176
2.366925
1.772568
0.110434
9.621273
1.934132
0.304776
0.252601
0.012620
0.419808
0.708550
3.085107
1.187679
0.897880
1.135739
0.145661
0.070461
2.880737
1.549624
0.053625
3.181713
0.253119
2.786246
0.419356
1.590009
1.349806
0.515717
0.244836
0.258525
2.645833
2.985135
2.358939
1.803539
1.512180
0.010085
1.803137
1.007916
0.318479
0.060218
1.042881
0.956000
0.834902
0.920894
0.371998
0.172748
0.329410
0.590939
0.257071
0.254323
0.266397
0.326977
0.202171
0.611549
0.244938
0.745650
0.292448
3.169051
2.638084
0.636263
0.205509
1.948804
0.545073
0.095682
1.180389
0.222858
0.106785
0.750903
1.800556
0.468447
0.883099
0.658466
4.565860
0.165563
0.087949
0.357023
0.372854
0.453886
1.372141
0.772019
0.890145
3.927237
1.697288
1.480377
0.575883
0.034661
0.353854
1.175574
4.831312
0.256861
0.176846
0.195761
0.087826
0.872972
0.313393
1.500227
1.523551
0.462541
0.363815
0.959346
1.363928
2.220826
0.104485
1.324050
0.045064
0.202611
0.034786
0.438967
0.794624
1.516970
2.236976
0.148097
1.430984
1.238010
2.409068
0.221543
1.362995
0.233349
2.207969
1.332301
0.570306
0.053578
2.452499
0.731321
1.006378
0.202067
0.350476
0.538750
0.805819
0.917861
0.033949
0.353286
0.677487
0.142245
0.032077
0.768242
0.379791
0.068017
2.220731
1.996900
1.873273
1.535673
0.001899
0.934725
0.682660
2.430400
1.640023
0.272906
0.127971
1.191059
3.687527
0.809162
1.379392
2.197216
0.076337
0.482445
0.074559
0.460677
1.605699
0.981164
3.498960
1.787550
2.560695
0.619673
3.358754
3.086024
6.240733
0.330196
0.020276
2.202938
0.157194
2.013296
1.121506
0.159416
0.641995
0.185053
0.061192
0.328203
0.523869
0.197815
3.724873
0.482467
1.325190
1.287906
0.316945
1.648925
0.113035
0.420797
0.194662
2.365856
3.461022
0.158595
1.342321
2.219636
0.937866
1.217338
1.868650
0.932901
4.213104
2.007980
0.685399
0.140022
1.317487
0.186718
0.325758
0.230610
0.414398
0.411549
0.665015
1.374513
0.727440
0.619187
0.139008
0.289154
0.205513
0.513175
0.060649
0.346230
1.366041
0.268839
0.221622
1.249972
0.481901
2.773274
0.928461
4.702712
1.025898
0.598759
0.910106
0.985440
0.380159
0.098307
1.416285
0.049652
0.306459
0.036048
0.293554
0.924357
0.466463
1.347554
0.431169
2.203999
0.225324
0.653983
0.151687
0.490227
2.132316
0.222630
1.139945
0.984363
0.571501
2.111509
0.415228
1.702182
1.695473
2.894053
1.653620
0.612514
0.502784
0.521150
0.088545
1.242722
0.692731
1.845950
1.426458
1.442837
2.099896
0.014335
0.457217
0.288101
1.403878
1.263043
0.150769
3.125845
0.219696
0.329471
0.421005
