0.638230
0.717059
0.293983
-0.245747
0.831736
-0.632892
-0.243766
0.703868
0.507153
0.365811
0.537991
-0.455210
-0.187583
0.568551
0.602319
0.550481
-0.842032
0.086550
-0.116336
0.114326
-0.682257
-0.548813
0.018099
0.246207
0.244559
-0.564864
0.100698
-0.186282
0.706660
0.106204
0.120181
0.344890
-0.176736
-0.585837
-0.900857
-0.344999
-0.218729
-0.144624
-0.641131
-0.711576
-0.778813
0.896861
-0.166786
0.033603
0.465412
-0.564467
-0.415916
0.623380
0.522082
0.467748
-0.262293
0.839824
0.918937
0.755806
0.086031
0.163495
-0.809058
-0.813270
0.977213
0.897602
0.292934
0.097394
0.242492
-0.883802
0.511557
0.341635
-0.228802
-0.707171
-0.802988
0.130068
-0.418748
-0.581801
0.026928
0.414466
0.451801
-0.507660
0.849999
-0.964114
-0.884280
0.372080
0.503635
-0.146573
0.211906
0.422570
-0.390767
-0.702062
-0.413935
-0.199826
-0.515333
-0.436721
-0.302223
0.777602
0.660672
0.940270
0.893800
0.172229
0.281905
-0.335002
0.465059
0.478917
0.795065
-0.953690
0.897115
-0.178006
0.460777
0.348917
0.314334
0.310776
0.384803
0.430055
-0.317144
-0.111562
-0.716518
0.894762
-0.688992
-0.107286
-0.807300
-0.102927
0.692888
-0.322633
0.460352
-0.609334
-0.545032
0.121024
-0.669065
-0.651233
-0.706746
0.612841
0.013765
0.758312
0.091757
-0.191169
0.804622
-0.011127
0.630825
0.265399
-0.662211
-0.054840
-0.423826
0.722592
-0.624785
0.259029
-0.388970
-0.341302
0.153792
-0.077963
0.551412
0.346491
0.819110
0.244301
-0.976141
0.279461
0.634966
-0.521172
-0.599514
0.965902
-0.172405
-0.306261
0.578743
0.841360
-0.547949
-0.329500
-0.349809
-0.743327
0.659372
-0.718983
0.522073
0.997162
0.226177
-0.901754
0.719754
0.601393
0.357277
-0.669216
-0.739910
-0.488932
0.252821
0.811502
0.857561
0.071932
0.055804
0.881419
-0.648607
-0.309230
-0.639754
-0.248121
-0.343328
0.187841
0.445618
-0.764585
0.029201
0.897669
-0.094085
0.679393
-0.845657
-0.434713
0.960411
0.676416
-0.437551
0.186587
0.774662
-0.717797
-0.212019
0.131938
-0.387013
0.048071
0.643005
0.865808
-0.140427
0.500566
-0.062259
0.915376
0.381984
0.289135
-0.393854
0.742230
-0.958986
0.262819
-0.069928
0.486632
0.498233
0.959274
0.384302
-0.595852
0.638667
0.538645
-0.030565
0.599078
0.215060
0.531884
-0.214335
-0.010279
0.814087
0.573644
-0.878341
-0.572926
-0.378284
0.764666
-0.707117
0.481288
0.265230
0.230624
0.396665
-0.352785
-0.480242
-0.997189
-0.610554
-0.439229
0.265629
0.319518
-0.952597
-0.236138
0.278792
0.431705
0.168010
-0.082541
-0.029650
-0.862555
-0.483464
-0.814590
0.669328
0.302201
0.175132
0.483415
-0.124154
0.296790
0.910489
0.497562
0.061456
-0.796628
-0.021150
-0.673314
0.433996
-0.624485
-0.026099
0.953753
-0.621674
0.363346
-0.485475
0.643955
-0.317135
-0.438072
-0.592183
0.961656
0.993634
0.575827
-0.120884
-0.036016
0.713272
0.395651
0.149393
0.382601
-0.302148
-0.675475
-0.133985
0.573698
0.621316
-0.223496
0.071261
-0.317229
-0.020124
-0.949889
0.009457
-0.586128
-0.574374
0.983358
-0.632375
-0.196048
0.346704
-0.117850
-0.552093
-0.970431
0.444078
-0.144275
0.991225
0.437712
-0.568448
-0.129659
-0.598304
-0.855176
-0.734007
0.551089
0.527425
-0.036155
0.875614
-0.606561
-0.462456
0.496928
0.169943
0.608804
-0.820301
-0.850181
0.658914
0.189155
-0.436309
-0.915459
0.172513
-0.068684
-0.111507
-0.480783
0.813466
0.336401
-0.451215
0.257545
-0.807875
-0.459989
-0.304743
-0.376322
0.410352
0.096953
-0.231498
0.676344
-0.351959
-0.704074
-0.359810
-0.476345
-0.310635
0.177734
-0.979417
0.859308
-0.213462
-0.799717
-0.990872
-0.554548
0.389438
-0.427182
-0.470007
-0.438049
0.504135
0.418486
0.081168
0.317602
-0.245113
0.629955
-0.424854
-0.052988
-0.830035
0.270404
0.570690
0.580317
-0.632644
-0.660809
0.256662
0.015398
-0.364882
0.896851
0.539053
0.324483
0.074586
0.559636
0.183791
0.861123
0.759918
0.192919
-0.693425
0.149356
0.765737
-0.163431
0.711308
0.269872
-0.744945
-0.207524
-0.412527
0.009941
-0.577570
0.162620
0.956952
-0.407605
-0.566977
0.527642
-0.827288
-0.199620
0.866834
0.429373
0.815778
-0.498049
0.326226
0.354830
0.826434
-0.599189
-0.085534
0.010225
-0.738067
-0.325615
-0.796856
-0.431491
0.823742
0.968881
0.405077
0.535049
0.238753
0.660132
-0.672474
0.826225
-0.329927
-0.250044
-0.011154
-0.372974
0.342352
0.421869
-0.845332
0.515063
-0.777752
-0.978499
-0.055563
-0.961974
-0.476547
-0.729337
0.392856
-0.650113
-0.328526
-0.692678
0.360112
-0.066593
-0.018294
0.563257
0.501917
-0.194553
0.532137
-0.093006
-0.659503
-0.229110
-0.432874
-0.331978
-0.402885
0.237198
0.417978
0.585960
0.864225
-0.239669
0.007830
-0.981108
-0.724606
0.230079
-0.959607
0.219832
0.268104
-0.436154
0.490495
-0.339040
-0.086267
-0.838031
-0.031719
-0.726155
0.095377
0.949988
0.837102
-0.402707
-0.244565
0.369238
0.504287
0.095931
-0.859873
-0.928588
0.763955
-0.262757
0.308611
0.181933
-0.676796
0.172835
0.942264
0.331034
0.191727
-0.782343
-0.438887
0.232120
0.437489
0.829217
0.795966
-0.072015
-0.509823
-0.290301
0.089954
0.458459
-0.016456
-0.814670
0.408446
-0.179355
-0.217377
-0.836119
-0.810118
-0.713091
0.259812
-0.669990
-0.641678
0.023766
0.067253
0.666933
-0.794302
0.390457
-0.160232
-0.852039
-0.278509
-0.968506
-0.634381
0.282604
0.263614
0.803107
0.111821
0.059581
-0.268908
0.601997
0.769279
0.821046
0.060456
-0.247177
-0.993624
-0.531098
0.573468
-0.211001
-0.367217
0.763351
0.075908
0.892596
-0.906639
0.434230
-0.083639
0.160613
0.101162
0.122060
-0.448930
0.940930
0.270021
0.272562
0.972424
0.635638
-0.444834
0.236039
0.438746
0.666988
-0.704380
-0.830161
0.268985
-0.935100
0.990885
-0.670558
-0.182277
0.997262
-0.201656
-0.608809
-0.213740
0.431127
-0.845458
0.862169
0.323723
-0.752098
0.296399
-0.759917
0.408515
-0.602439
0.362143
0.959586
-0.661508
-0.367836
0.232148
-0.689084
-0.732197
0.787314
0.546956
0.706549
0.454302
0.842575
0.876389
-0.276713
0.907475
0.867273
0.052728
-0.274802
0.864534
0.851072
0.116389
-0.349205
0.282200
0.270932
-0.487037
-0.394077
0.518833
0.809362
-0.153994
-0.072651
-0.793076
-0.791851
-0.113064
-0.454585
-0.159688
-0.880916
-0.143669
0.108115
0.906399
-0.596713
-0.185335
0.360701
-0.754137
-0.308947
-0.916012
-0.846662
-0.441673
0.136717
-0.121464
-0.577138
-0.012211
0.994924
0.073657
-0.730010
0.265856
0.586620
-0.124088
-0.215311
0.395982
0.721919
0.712039
0.602906
0.930066
-0.401026
-0.851678
-0.229621
-0.281942
0.004653
0.878494
-0.375544
0.407941
-0.306842
0.985157
0.653804
0.384212
-0.930855
0.807141
0.942540
0.205861
-0.314323
-0.634599
-0.806349
-0.319398
0.439057
-0.536360
0.946458
0.025677
0.339552
-0.268853
-0.578340
0.061470
-0.556814
-0.975434
-0.008463
0.042160
-0.827112
0.761917
0.760217
0.177542
0.640410
-0.615326
-0.414518
-0.666432
-0.630169
-0.760714
0.717781
-0.561024
-0.953573
0.660320
0.644837
-0.267897
-0.974280
0.838489
0.412705
0.464777
-0.697871
0.359163
-0.509546
0.641682
-0.909690
-0.087886
-0.296848
-0.466505
-0.063319
0.694689
0.575655
0.109568
0.456605
0.335872
-0.712890
0.097014
0.720547
-0.127408
0.430582
-0.909623
0.111878
0.148363
-0.470646
0.158304
-0.191318
-0.825809
0.890407
-0.165599
-0.987321
0.303113
-0.700822
-0.685192
-0.337725
-0.210368
0.956490
-0.247415
0.701747
-0.340359
0.286080
-0.361574
-0.645671
-0.138265
0.747995
0.810933
-0.802393
-0.964895
-0.092053
0.918154
-0.092303
-0.661470
-0.991470
-0.980425
0.486892
-0.462116
0.177879
-0.704426
-0.287926
0.068287
0.129975
-0.275246
-0.628600
0.429152
0.039563
0.033675
-0.781215
-0.003948
0.786260
0.920530
0.655692
0.072340
-0.441042
-0.989978
0.934075
-0.693047
0.820955
-0.868318
-0.657942
-0.271096
-0.950165
0.249755
0.067434
-0.941635
0.269330
-0.445674
-0.403752
-0.552792
-0.150101
0.308323
0.515495
0.979874
-0.966922
0.886894
0.409027
0.072640
-0.079431
0.627811
-0.931308
-0.293171
0.548343
0.724385
0.779169
-0.892700
0.734406
0.713245
-0.585748
0.555363
0.844926
-0.243690
-0.715734
0.894760
-0.993935
0.351699
0.953126
0.275394
0.906025
-0.450626
0.722602
-0.244076
0.857698
0.238098
-0.264202
0.890776
0.124992
-0.855175
-0.036585
-0.954439
0.772637
0.032107
-0.247610
0.320978
-0.243508
-0.468441
0.428278
-0.509101
-0.755197
0.842531
-0.953738
-0.910271
-0.401159
-0.669472
0.984488
-0.395094
0.682228
0.937614
0.880300
0.588252
-0.513012
0.602903
-0.655824
-0.655314
-0.159000
0.079974
-0.764539
0.965992
0.224800
0.198876
-0.988448
-0.002565
-0.769017
-0.236058
-0.681586
-0.012525
0.295502
0.746693
0.478375
0.540305
0.589223
0.524637
0.630035
-0.811937
0.855164
0.614524
-0.207032
0.537392
0.552138
-0.326732
0.125644
-0.960874
-0.723829
0.469820
-0.616187
0.117171
-0.450204
-0.380727
0.083162
0.774595
0.818149
0.094714
-0.227969
-0.950868
0.858657
0.090445
0.036607
0.154158
-0.162862
-0.485019
-0.305537
-0.573640
-0.960382
-0.675503
-0.385577
0.894783
0.939021
0.407390
0.432173
0.491158
-0.919341
-0.442182
0.530285
-0.643170
-0.972361
0.914097
0.473999
-0.422565
-0.466629
-0.442838
-0.647970
-0.648480
0.651875
0.124061
-0.599348
0.510532
-0.785494
0.437260
-0.335309
0.051644
0.952241
0.359154
0.478003
0.991859
0.683652
-0.907574
0.886641
0.622672
0.499817
0.318814
0.113830
0.580476
0.876633
-0.355885
0.937306
0.904273
-0.441788
0.411306
-0.518293
0.091583
0.968467
-0.166263
0.443102
0.620344
0.957798
0.843755
0.130876
-0.827696
0.281016
0.795566
0.223947
0.233256
0.154720
-0.298048
0.225116
-0.161628
-0.205622
0.111756
-0.538956
-0.705805
-0.569429
0.574874
0.874671
-0.692796
-0.781011
0.811976
-0.788524
-0.222799
0.223283
-0.306817
0.868784
0.191750
0.526919
0.311887
-0.187907
0.484717
0.155642
0.942969
0.657021
-0.563343
0.738536
-0.119031
0.669914
-0.106745
0.582920
-0.104971
0.731628
-0.622702
-0.993214
-0.807329
-0.328507
-0.562643
0.767546
-0.453835
-0.255439
0.986534
-0.641858
-0.043963
-0.236265
0.581425
0.649220
-0.367482
-0.226826
0.176138
0.944405
0.585268
-0.339144
0.100047
0.528236
-0.682124
0.536704
0.266771
0.198846
0.206619
-0.839973
-0.218235
-0.898351
0.891655
0.159063
-0.891565
-0.915674
0.830557
-0.454209
0.851870
-0.623279
0.290352
0.838405
-0.265137
-0.753611
-0.397860
-0.683712
0.895607
0.234659
0.089462
0.071746
0.179064
-0.325270
0.732602
-0.720888
-0.797034
-0.949522
0.815816
0.469737
0.249323
0.022436
0.629764
-0.968911
0.124085
0.521419
0.190153
0.232519
0.605744
0.020710
0.778311
0.457616
0.397430
0.068663
0.296020
-0.867706
0.315052
0.898160
-0.551418
0.210659
0.132819
0.538044
-0.717594
-0.688116
-0.787226
-0.984992
-0.409004
-0.584260
-0.934514
-0.593187
0.885478
0.314810
0.429248
0.515242
0.345899
-0.446667
0.036660
-0.463948
0.785851
-0.357595
0.556762
0.564162
-0.899980
-0.045807
-0.367175
0.396041
0.086487
0.947875
0.294201
0.535069
0.158536
-0.572980
0.073112
0.440942
-0.261096
0.285888
0.455949
0.329899
0.701628
0.521435
0.736711
0.587104
-0.163754
0.165960
0.102347
-0.817855
0.719293
-0.860993
-0.281803
0.505145
-0.218589
-0.725041
0.069306
-0.118568
0.229152
0.702131
-0.722528
-0.684361
0.650008
0.571672
0.850708
-0.191457
0.998692
-0.076180
-0.750515
-0.262404
-0.790293
0.705433
-0.932505
0.911334
0.226870
0.804207
0.498439
-0.936885
-0.029833
-0.399214
-0.754740
-0.310540
-0.260207
-0.036542
-0.805395
0.521204
0.238417
0.263911
-0.597364
-0.532431
-0.033957
-0.319893
-0.216793
-0.383950
-0.748220
-0.366085
0.424593
-0.749528
0.557734
0.674077
-0.011932
0.767442
0.379513
0.055563
0.678776
-0.393618
-0.140230
0.177216
-0.330503
0.829938
0.778002
-0.085243
-0.480603
-0.482205
0.878216
-0.285998
-0.961000
0.116632
0.977913
-0.558365
0.584201
-0.056044
0.121742
-0.632592
0.560007
0.373522
0.001322
-0.015400
0.623993
-0.440943
-0.341322
-0.387938
-0.673501
-0.961809
0.667625
-0.994725
-0.355427
-0.472604
0.182491
0.314069
-0.642667
-0.039508
-0.771173
-0.123270
0.478287
-0.892959
0.590733
0.517286
0.223673
0.568647
0.958922
-0.192127
-0.487398
0.080665
0.175281
-0.927391
-0.545813
-0.823397
0.057210
-0.921819
-0.264340
0.715889
-0.309756
0.062160
0.754079
-0.642131
0.067435
-0.601349
-0.114736
-0.750075
0.712721
0.242598
0.210417
0.941547
-0.880672
-0.311296
-0.951411
0.710061
-0.794009
0.272262
0.278708
-0.835087
-0.919865
0.791310
0.245577
0.255416
0.863919
0.699765
0.432020
-0.078871
0.777947
-0.832320
-0.362982
-0.531810
0.229840
-0.608903
-0.173942
-0.702726
-0.210252
0.711324
-0.452802
-0.497531
-0.046079
0.757616
-0.555984
0.073250
-0.553681
-0.507395
-0.216689
-0.347690
0.764867
-0.937982
-0.182777
0.845002
0.853328
-0.937200
0.100418
0.717248
0.762565
-0.467561
-0.361623
0.540511
-0.299881
0.275395
-0.991300
0.929958
0.666493
-0.165242
-0.772768
-0.543759
-0.453918
-0.225570
-0.041290
0.500003
-0.467955
0.402726
-0.426749
-0.021635
0.895330
0.356561
0.630674
0.660199
0.418580
-0.552103
0.505201
0.271908
-0.489304
-0.394381
-0.010844
-0.726739
0.138057
0.627533
0.813771
0.838177
-0.097071
0.822473
0.768135
-0.430579
-0.342769
0.995367
0.025662
0.203313
-0.230203
0.984371
-0.296685
0.301842
0.387097
0.276567
-0.719793
0.282428
-0.366871
0.910881
-0.057373
-0.948291
-0.641222
-0.552173
0.323617
-0.130526
0.053445
-0.687227
0.142735
-0.808497
0.940307
-0.043493
-0.970321
-0.156765
-0.221021
0.797813
0.412655
0.436209
0.793179
-0.561683
-0.360478
-0.437023
-0.577312
0.342838
0.864819
0.809785
-0.380596
-0.854974
0.092214
0.252532
-0.944093
-0.965159
0.304241
-0.585315
-0.517332
-0.372142
0.284158
0.536113
-0.059368
-0.573107
0.727616
-0.119063
0.383400
0.757294
0.724172
-0.837620
0.555107
0.136828
0.598589
0.348287
0.575145
-0.761888
0.911265
0.997833
0.580949
0.776083
0.807620
-0.799647
0.921108
-0.100166
0.452885
0.977015
-0.065325
-0.242873
-0.608300
0.417342
0.384985
0.675860
-0.046545
-0.674384
-0.897248
-0.318929
0.206554
0.486153
-0.561635
-0.069274
0.648532
0.993473
-0.932446
0.247122
0.341760
0.642698
0.485234
0.253024
0.640533
0.066183
0.029107
0.448152
0.266535
-0.049785
-0.652015
-0.280579
-0.072768
0.282660
0.476547
0.318932
-0.299998
-0.138469
-0.005209
0.653459
0.187147
0.097543
-0.665471
-0.606300
-0.416304
-0.227106
0.324426
-0.767772
-0.233633
0.391980
0.479351
-0.891873
0.034678
-0.035416
0.361150
-0.324790
-0.969233
-0.609742
-0.876638
0.297303
0.340473
-0.528653
-0.983277
-0.732296
0.754008
0.493270
0.586636
-0.545990
-0.645198
-0.418574
-0.892532
0.541949
0.678969
-0.558003
0.935650
-0.737335
0.214892
0.260076
-0.505107
0.981258
-0.347944
0.974243
-0.910614
0.686734
-0.061172
0.450536
-0.638055
-0.030406
0.840794
-0.514693
-0.733103
0.181268
-0.043345
-0.716380
0.448972
-0.289338
0.776889
0.035607
0.164673
-0.868308
0.617033
0.272141
0.673640
0.296003
0.714138
0.609292
0.558669
-0.070971
-0.130633
-0.946438
-0.089712
0.521423
-0.972195
-0.000327
0.208157
-0.033366
-0.549790
0.570101
0.936227
-0.708996
-0.944592
-0.796876
0.472271
0.012063
-0.513256
-0.078756
0.722725
-0.736366
0.956850
-0.112602
-0.604674
0.573885
-0.840461
-0.931033
-0.130112
0.873676
0.678258
-0.571444
-0.197294
-0.452375
-0.517882
0.712993
-0.930952
-0.490076
-0.287332
0.277205
0.476557
0.162878
-0.152694
0.412784
0.453882
-0.097285
0.615908
-0.073846
0.914777
-0.897347
0.847396
0.637502
-0.633713
0.804247
-0.475099
-0.238387
0.378132
-0.315561
-0.169420
-0.751979
-0.441884
-0.491162
-0.323423
0.360821
0.056464
0.158696
0.073815
0.125511
0.668619
0.786484
-0.597284
0.145176
-0.050639
0.250023
-0.442039
-0.596757
-0.847262
-0.826130
0.329397
-0.932484
-0.723477
0.176793
0.705019
-0.357190
-0.018959
-0.770080
0.404422
-0.640827
-0.085641
-0.764997
-0.392806
0.472474
-0.256159
0.283771
-0.166704
0.800305
-0.557534
0.907112
-0.074184
-0.888914
0.693594
0.328533
0.256261
-0.357044
-0.421445
0.814223
0.046199
-0.268707
0.988092
-0.624405
-0.201191
-0.735385
0.552389
-0.496172
-0.092575
-0.466571
-0.266252
-0.688153
-0.107397
0.648107
-0.453150
0.499796
0.120582
0.290692
-0.216432
0.953878
0.090996
0.226034
0.860989
-0.983188
0.337120
0.554584
0.345345
-0.406619
-0.802459
0.923900
-0.592396
0.243740
-0.344807
-0.604304
0.619336
0.454003
-0.339690
0.171724
0.957831
0.567734
0.705154
-0.308422
0.879582
-0.402244
-0.660315
-0.573568
-0.902447
0.460267
0.717123
-0.118879
0.414145
-0.191882
-0.892846
0.275134
-0.175069
0.444273
-0.170281
-0.829725
-0.962345
0.027260
-0.905825
-0.554741
-0.729000
-0.250632
-0.159046
0.890335
-0.796629
0.501264
0.062060
-0.838799
0.068998
-0.232787
-0.147220
-0.051420
0.364970
0.192465
0.375012
0.462522
-0.347269
0.092135
-0.656357
-0.933124
0.900253
-0.549203
0.342010
-0.274816
0.895071
-0.828271
-0.104541
0.932725
0.198990
-0.010367
-0.622016
0.469989
0.739002
0.218938
0.360324
0.942373
-0.279797
-0.577616
-0.896427
0.789201
0.189598
-0.043648
-0.262219
-0.445433
-0.851182
-0.887206
-0.982911
-0.198451
0.204928
-0.639268
-0.131575
0.105182
-0.188471
-0.789565
0.830366
-0.293400
-0.617835
-0.274175
-0.360675
0.581154
0.715458
0.017310
0.051143
0.454461
-0.763752
-0.588532
0.396833
-0.043549
-0.166148
0.500405
-0.254348
-0.976550
-0.543242
0.483435
-0.421983
-0.394424
0.596228
-0.404894
0.407126
-0.198843
-0.044162
-0.724450
0.906338
0.767366
-0.514015
0.736704
-0.526034
-0.131850
-0.537470
0.113292
-0.550696
-0.822012
-0.869398
0.500447
0.632449
-0.633150
0.911915
0.029281
0.323301
-0.254232
-0.470313
-0.931046
-0.230783
-0.013555
0.552388
0.347233
0.592021
0.148615
0.942340
-0.000853
0.949771
-0.101823
0.274697
0.856111
-0.334456
0.760682
0.592814
0.139510
-0.371168
-0.944656
-0.747198
0.078136
-0.766668
-0.616597
-0.421417
0.865780
-0.249746
-0.509501
-0.104938
-0.926446
0.236266
0.424747
-0.857492
-0.994517
-0.588808
0.694896
0.352717
-0.996787
-0.156489
0.295056
0.002360
-0.206717
-0.806766
-0.722944
-0.350607
-0.141222
-0.962263
-0.757792
0.998289
-0.333431
-0.702448
-0.748910
0.744704
-0.469116
-0.365506
-0.676713
-0.603335
0.384747
-0.186214
0.291726
0.458301
-0.949948
-0.283526
0.600809
-0.944465
0.127666
0.295705
0.408253
0.130879
-0.860783
-0.296690
-0.866761
-0.067501
-0.103456
-0.589705
0.581893
0.755322
-0.551968
0.824101
0.753611
0.114601
-0.878348
-0.995299
-0.140695
-0.347464
-0.360806
0.182593
0.049201
-0.976058
0.996379
-0.659073
0.482244
-0.953569
0.057400
0.083053
-0.898034
-0.814934
-0.621242
0.510218
0.315945
-0.482025
-0.786472
0.449185
0.450474
0.110072
0.859479
0.032367
-0.134606
-0.692489
-0.143532
-0.380996
0.422112
-0.021881
-0.376294
-0.718582
0.630656
0.262899
0.464011
-0.320144
0.286842
0.460389
0.020783
-0.230915
0.506821
-0.921817
0.852137
0.608787
-0.736751
-0.769104
0.119005
0.579195
-0.251128
0.332534
0.028379
-0.800654
-0.557395
-0.112141
0.231712
0.308000
0.195371
-0.911820
0.927003
-0.382517
0.066299
-0.449290
-0.101099
-0.303045
0.813610
-0.637088
0.376811
0.100451
0.823302
-0.602406
0.869536
0.330123
-0.524222
0.721674
-0.061091
-0.260973
0.952569
-0.942086
-0.681778
-0.298559
0.390447
0.346600
-0.099213
0.833054
-0.765540
-0.867500
0.141053
0.429829
-0.779321
0.068056
-0.952687
0.286978
0.618766
-0.053786
0.983933
0.432374
0.309125
0.360743
-0.467175
0.132428
0.758338
-0.597639
-0.537449
-0.765884
-0.875966
0.401459
-0.026858
-0.923396
0.459373
0.291364
-0.221955
-0.150179
-0.362035
0.678832
-0.317126
-0.127575
0.811331
0.823926
-0.697745
-0.967989
-0.108018
-0.650433
0.318990
-0.489252
0.295780
0.302923
0.943122
-0.395093
-0.336334
-0.524053
0.737335
-0.577995
-0.121692
-0.800115
-0.343880
0.002342
0.601345
0.629262
0.078947
0.060719
-0.079373
0.856992
0.910540
0.558593
0.535824
-0.406586
-0.568983
0.347155
-0.582660
-0.266728
0.379166
0.309322
0.082839
-0.301844
0.820069
-0.621380
-0.998921
0.763191
-0.016474
-0.335255
-0.760862
-0.279139
0.086750
0.117445
-0.079253
0.742870
-0.880212
-0.477908
0.372133
0.198734
0.582811
-0.707240
0.055725
0.493350
0.851352
-0.408450
-0.913235
-0.717632
0.938705
-0.495896
0.015640
0.317872
0.813427
-0.901521
-0.983972
0.633495
-0.522902
-0.982893
0.396686
0.460625
-0.318148
0.635823
-0.818514
0.768602
-0.246730
0.102233
0.511471
-0.126942
0.624325
-0.116396
-0.928208
0.207135
0.176363
0.127518
-0.299513
0.027714
0.719068
-0.212749
0.310083
0.657773
0.291356
-0.674278
-0.024355
0.104782
-0.575799
-0.008327
-0.261723
-0.098701
0.008779
-0.865038
-0.638076
0.690632
0.770785
-0.456590
0.459232
-0.475944
0.645643
-0.029296
0.397113
0.269969
0.854307
0.468905
-0.522896
0.030670
-0.403576
0.177591
-0.941615
-0.684509
0.964843
0.368467
0.973264
0.256199
0.694191
-0.051090
-0.639020
-0.881609
0.940582
0.099257
0.019691
-0.050638
0.234219
0.381615
-0.360006
0.005005
0.925025
-0.900774
0.529060
0.570668
0.069930
-0.073826
-0.159363
-0.075763
-0.604920
0.317741
0.954908
-0.008497
-0.504668
-0.986708
0.306994
-0.539826
0.381760
0.280260
0.716373
0.075950
-0.770831
-0.922647
0.194341
-0.830248
0.176610
-0.785969
0.119115
-0.589172
0.595645
0.759109
0.415833
0.520670
0.858335
-0.055106
0.091339
-0.071736
0.871068
0.931976
0.852502
-0.733852
0.249716
0.807409
0.257652
0.745048
0.820700
-0.435354
-0.794778
0.202461
0.844906
0.921594
-0.721590
-0.925925
0.998946
0.472751
-0.756173
0.175556
0.686783
0.362941
0.586384
0.282428
0.122050
0.002218
-0.196901
-0.019616
0.947112
0.894438
0.908650
0.818179
0.826413
0.761150
-0.915673
0.076129
0.568560
0.341979
-0.178823
0.389261
0.906624
0.026399
-0.408278
0.751531
-0.052008
-0.129868
0.825606
-0.053060
-0.657117
-0.930567
-0.877504
-0.970335
0.432374
0.708880
0.312094
-0.445576
-0.288903
-0.884808
0.534808
-0.341792
-0.990370
0.443457
-0.523612
0.836042
0.204609
-0.439285
-0.087829
-0.226831
0.902693
0.733349
-0.837571
0.809318
-0.240254
-0.245849
0.560849
0.707739
0.624283
0.386455
-0.345321
0.967165
0.455888
-0.222826
0.996831
-0.111738
-0.513946
0.308924
0.442687
0.197152
0.424116
-0.022506
0.855359
0.433745
-0.579048
-0.668253
0.269788
0.625561
-0.107538
-0.818041
-0.601271
-0.204844
0.915307
-0.438841
-0.395526
-0.324946
0.315310
-0.834676
-0.617207
-0.060408
0.551779
0.037471
-0.093243
0.007667
0.814646
-0.096412
0.895929
-0.699300
-0.787488
0.338615
0.497852
0.636627
-0.683890
0.353211
0.070373
-0.262938
0.684959
-0.659839
-0.637377
-0.422579
-0.477879
-0.238647
0.372577
-0.562572
0.322511
0.977051
0.112482
-0.362180
-0.857625
0.495275
0.577413
0.694153
-0.467254
-0.515830
-0.298179
-0.652608
0.387758
-0.402250
-0.351908
0.600268
0.936364
-0.854057
0.236896
-0.747525
0.499154
-0.692731
-0.010463
0.184113
-0.352569
0.352160
0.761534
0.169551
-0.886488
0.134110
0.606979
0.436023
0.111162
-0.280540
-0.926157
0.253537
-0.785265
0.651256
-0.052309
-0.252519
-0.864575
0.649511
0.094872
0.523183
-0.752738
0.742964
0.123451
-0.816373
0.888907
-0.639653
-0.563898
0.388062
-0.332384
0.425639
-0.427826
0.315047
-0.222201
-0.666292
-0.515403
-0.108689
0.467818
-0.908424
-0.672666
-0.421020
-0.188964
-0.598823
0.832517
0.025771
-0.947567
-0.219793
0.773252
-0.812142
-0.570281
-0.131876
0.711040
-0.323020
-0.388912
-0.165509
-0.139393
-0.500005
0.194839
0.296710
0.888057
0.862454
-0.277652
-0.539769
0.177501
0.500147
-0.206061
0.662099
-0.608542
-0.738243
0.753674
-0.281208
-0.159263
-0.435289
0.119970
-0.326746
0.590482
0.172403
0.453462
0.363734
0.360260
0.883181
-0.768143
0.071300
-0.439839
-0.157055
0.905791
0.420767
0.342940
0.100629
-0.282523
0.230995
-0.036916
0.439826
0.691227
-0.859415
-0.060027
-0.514835
0.802683
0.331431
-0.253077
0.556358
-0.949776
0.587660
-0.878932
0.170194
-0.739086
0.711550
-0.657403
0.714376
0.075283
0.702857
0.597555
0.307141
-0.225843
-0.842284
-0.849915
-0.320052
0.578483
0.493025
0.780578
-0.704040
-0.275980
-0.256339
0.735786
-0.584754
-0.115754
-0.324242
-0.099589
-0.313071
-0.992810
0.647334
-0.756713
-0.942586
0.234994
-0.635644
0.227608
0.495908
-0.924094
0.570205
0.210283
0.151189
0.273061
-0.192161
-0.541670
-0.952782
-0.034446
-0.391585
-0.272834
-0.455962
-0.898561
-0.492255
-0.160002
-0.174541
0.251405
-0.424216
0.240706
-0.864348
0.251542
-0.858884
-0.177419
0.258732
0.788450
0.065869
0.316147
0.023444
0.430224
-0.456246
-0.480648
0.506130
-0.886041
0.729635
-0.342680
0.387021
-0.462526
0.115649
0.434239
0.503029
0.724064
-0.838594
-0.952934
0.825502
-0.330850
-0.112937
-0.349039
0.920557
0.462846
0.891666
-0.943792
-0.285610
-0.967217
-0.121210
0.973122
0.821234
0.944658
0.289267
-0.155322
0.374884
0.833022
0.364029
-0.118986
0.946981
0.093665
0.538333
0.334002
0.631138
-0.346017
-0.231759
0.134167
-0.621953
-0.070353
0.181232
-0.796450
0.598797
-0.931704
-0.145488
0.519354
0.531142
-0.253822
0.575562
-0.754467
-0.221039
-0.545648
-0.781346
-0.399804
-0.600989
0.507923
0.444873
0.773894
0.340944
-0.191097
-0.345092
0.287926
0.902567
-0.806759
-0.378071
0.533708
-0.152776
0.390170
-0.332126
0.225271
-0.680183
0.849106
0.428820
0.918614
0.917402
-0.716668
0.437967
0.448546
0.029511
0.013529
0.694077
0.808472
0.467880
0.912731
-0.591332
0.866890
0.420654
0.853542
0.640786
-0.238401
-0.337556
-0.704307
-0.950475
-0.434988
-0.511066
-0.328546
-0.901281
0.336158
-0.938377
-0.233407
-0.438571
-0.618560
-0.384300
0.990250
-0.699946
-0.466898
-0.726418
0.738021
0.981647
0.303094
-0.248450
0.675725
0.111565
-0.780570
0.588457
0.520234
-0.913678
0.009111
0.373775
0.727108
0.770711
-0.963781
-0.977199
0.820236
-0.398769
-0.488265
-0.508311
-0.300050
0.847893
-0.446687
0.466545
-0.590677
-0.065248
-0.917756
-0.600427
0.234806
-0.384654
-0.326845
-0.027173
-0.403006
0.976248
0.724378
-0.727281
0.087814
0.943808
0.861175
-0.391952
-0.969870
-0.129713
0.981823
0.757238
-0.359003
-0.981959
0.780037
-0.538767
-0.380727
-0.708227
-0.047078
0.319223
-0.860334
0.506235
-0.214233
-0.451011
-0.559013
-0.131989
-0.051439
0.675794
0.483358
0.621717
-0.351378
-0.919649
0.597965
-0.627001
-0.646930
-0.314222
-0.683194
-0.785754
0.293827
-0.653064
0.084534
0.275648
-0.895827
0.725532
0.293689
0.884211
-0.813236
0.912963
-0.824016
0.139686
0.232185
-0.684350
-0.354079
-0.982047
-0.135361
0.086908
-0.114036
0.813202
-0.237298
-0.630679
0.434917
0.411324
-0.550328
0.032882
0.784321
-0.197258
0.718660
-0.898871
0.016988
0.012486
-0.551935
-0.898478
-0.711865
-0.447762
0.827053
0.581825
-0.563551
-0.986184
0.494786
-0.387566
0.153503
-0.273028
-0.071916
0.799423
-0.255076
0.792724
-0.113668
0.630889
0.605925
0.649035
-0.999790
0.040842
0.060358
-0.550117
-0.926275
-0.155319
0.252625
0.792385
-0.054191
-0.730387
-0.195128
0.393873
-0.628866
0.093008
0.946111
-0.801813
-0.325168
-0.617438
-0.787997
-0.830381
-0.005005
0.365506
-0.103409
0.923078
0.164929
0.641514
0.715803
-0.948739
0.272404
0.321727
0.700296
0.272613
-0.637430
-0.239346
0.722496
-0.563706
0.605335
-0.024879
-0.771320
-0.448857
0.244733
0.033552
0.945016
0.615868
-0.873441
0.891127
0.814054
-0.198609
-0.726310
-0.973942
-0.028990
0.268684
0.391564
0.867600
0.191764
-0.443507
0.509116
-0.092434
-0.392246
-0.218480
-0.770706
-0.691950
-0.945867
-0.408137
0.068703
0.776628
0.028158
-0.325963
-0.248251
0.256838
0.225181
0.996483
-0.709610
0.170197
0.612351
-0.583050
0.061325
0.426405
0.218341
0.335015
0.452462
-0.810649
-0.396301
-0.155974
-0.943048
0.795463
0.400519
0.566067
-0.296971
-0.991727
-0.652413
-0.067677
-0.683677
-0.598280
0.524186
0.385026
-0.821652
-0.447656
-0.940936
-0.069902
0.809183
0.284244
-0.073420
-0.900428
-0.545559
-0.461069
-0.483479
0.515766
0.965336
0.734863
-0.149219
0.417798
0.924213
0.454480
-0.738175
0.981165
0.249942
0.662345
0.547233
0.952972
0.670617
0.894819
-0.114705
0.986941
-0.703461
-0.590519
0.371968
-0.525113
-0.038176
0.431032
0.404986
-0.228994
-0.284724
-0.668434
-0.129422
0.169717
-0.129504
0.387100
-0.314516
-0.164167
0.121961
0.536264
-0.746369
0.046175
-0.009256
-0.484544
0.027339
-0.759313
-0.822199
-0.425428
-0.806342
0.848418
-0.530609
0.078952
0.835359
-0.234070
0.488433
0.207326
0.240817
-0.549743
-0.361642
-0.354198
0.221264
0.353634
-0.022632
-0.908158
-0.476648
0.847865
0.478941
0.208835
-0.316303
-0.399098
-0.254901
-0.062672
0.647077
0.735843
0.452785
-0.325583
0.976531
0.630586
0.248989
-0.829812
0.479003
0.718380
0.249141
0.314363
-0.515690
-0.262427
-0.478311
0.725126
0.187831
0.160047
-0.629070
-0.590906
-0.486318
0.348298
-0.499064
0.037033
0.196163
0.979878
-0.754131
0.879860
-0.419220
-0.009032
-0.182811
-0.772143
-0.273188
-0.730026
-0.097726
-0.296659
0.900559
-0.848737
-0.126470
0.379562
0.869642
-0.877329
-0.306075
-0.646048
-0.139756
0.215614
-0.920921
-0.951925
-0.624339
-0.549991
-0.542830
-0.110657
0.798306
-0.041895
0.926375
-0.005530
-0.062017
-0.827756
-0.125670
0.518761
0.163212
0.691519
0.746619
0.890023
0.961494
-0.351107
-0.406635
0.862052
-0.199844
0.466895
0.241615
-0.330202
0.589566
0.935540
0.023751
-0.550190
0.151154
0.102830
-0.502115
0.526815
0.552838
-0.044945
-0.583842
0.351145
0.913160
-0.657466
-0.654385
-0.148858
-0.485222
0.219944
-0.630096
0.677991
-0.088537
-0.883477
0.568015
-0.127044
-0.234584
-0.838619
-0.264992
0.565572
0.628277
0.976624
-0.764629
0.217842
0.912163
0.259121
0.667651
0.063317
-0.638049
-0.834463
-0.409868
0.914790
0.120592
0.006290
0.265935
0.033751
0.348824
0.611550
0.884893
0.863602
-0.168505
-0.745202
0.541593
0.742959
-0.628679
0.109607
-0.384085
0.136737
0.270989
0.350923
-0.297690
-0.100736
0.327546
-0.062319
-0.882894
0.239710
-0.803199
0.784759
-0.696974
-0.441247
0.950296
-0.106841
-0.526458
0.070887
0.899450
0.739478
-0.895362
0.248273
0.351027
0.989531
0.111874
-0.817478
-0.755670
-0.346532
0.925480
-0.384349
0.763075
-0.458604
0.752389
0.034063
0.892319
-0.545302
0.933329
0.219865
0.392378
-0.949566
-0.540426
0.589180
0.835192
-0.237399
-0.852067
0.785487
0.655760
-0.378525
-0.143626
0.555208
-0.639047
-0.038987
-0.196519
0.711981
-0.049455
0.915355
0.894502
0.194875
-0.431176
0.819983
0.810526
-0.668101
-0.638621
0.562914
0.365962
-0.746303
-0.982387
0.299290
0.473563
0.409992
0.349724
0.933137
-0.000827
0.184916
-0.304262
0.147106
-0.029596
-0.648503
0.768580
0.826779
0.906704
-0.870466
-0.212209
-0.289814
0.841514
0.738336
-0.374458
0.736017
-0.066789
0.194366
0.556000
-0.256262
0.526264
0.917379
-0.693348
-0.107773
-0.828924
-0.675734
-0.808483
0.644638
0.734257
0.541241
0.577776
-0.266570
-0.273841
-0.726488
0.880537
0.696563
-0.374991
0.649117
0.523341
-0.468286
0.778651
-0.688867
0.241900
0.620165
-0.950531
0.867441
0.356183
-0.017319
0.061807
-0.087817
0.726417
-0.411929
-0.170438
-0.966930
0.480299
0.000638
-0.642664
0.671816
-0.354723
-0.908406
0.213058
-0.776948
-0.174975
0.939217
-0.503436
-0.294440
0.635779
0.121573
-0.645322
0.159120
0.653287
-0.866671
0.470253
-0.104813
0.753494
0.519722
-0.237371
0.109677
-0.497598
0.824435
-0.978140
-0.771180
-0.587493
-0.148578
-0.738110
0.892806
0.852059
-0.380773
0.564622
-0.502664
-0.289180
-0.222321
-0.279612
0.535844
-0.283105
0.216952
-0.758595
-0.647327
-0.661475
-0.403917
0.511793
0.991813
-0.270588
-0.017954
-0.113000
-0.517094
-0.498232
0.649627
0.592583
0.004170
0.474064
0.614443
0.232990
0.886570
-0.534135
0.494880
0.779375
-0.682075
-0.885893
0.343997
-0.184739
-0.175073
-0.878324
0.535649
-0.639228
-0.161429
-0.247399
-0.397822
0.191244
0.091127
0.198261
-0.296962
0.082940
0.927672
0.685084
0.969938
-0.589421
-0.813149
0.619566
-0.996837
0.191021
0.093629
0.617606
-0.575988
-0.019801
-0.916528
0.918892
-0.240425
-0.598603
-0.967000
-0.896428
0.216659
-0.142073
-0.774752
-0.247692
0.218699
0.063819
0.504909
0.820879
-0.744937
-0.403964
0.019139
-0.041900
0.678974
-0.053188
-0.356816
0.648913
0.357392
-0.169965
0.268479
0.360554
-0.978943
-0.637892
-0.021839
-0.554931
0.342308
0.061633
-0.636038
-0.898117
0.463029
-0.603038
-0.794545
-0.320312
0.254889
-0.569297
0.431996
-0.526411
0.494522
-0.063095
-0.705533
0.749584
0.532940
0.313605
-0.292315
0.211916
-0.739582
0.350869
-0.139171
0.617810
-0.819095
-0.870693
-0.021636
-0.798038
-0.508585
0.956525
-0.352969
0.833723
0.018158
0.010992
0.935605
-0.518813
0.407953
-0.858940
0.160875
-0.337157
-0.428237
-0.407130
0.136432
-0.933716
0.529774
0.430898
0.815869
0.062715
-0.255496
-0.476446
-0.725370
0.004921
0.874424
0.135458
-0.377270
-0.944672
0.264766
0.601094
-0.742710
0.756182
0.557619
-0.095679
0.589905
-0.424224
0.915313
0.525509
0.056964
0.323268
0.666569
-0.782161
0.986110
-0.761668
-0.189291
0.122542
-0.695383
-0.659516
-0.446559
-0.879514
0.403200
0.297945
-0.355960
0.677830
-0.697134
-0.481537
-0.186712
-0.074403
-0.426209
-0.921946
-0.473309
-0.168919
0.834234
-0.915690
0.735402
0.424139
-0.339914
0.650714
-0.050351
0.717051
-0.026017
-0.383782
0.934889
-0.039907
-0.145450
-0.254401
-0.917364
0.159168
0.086084
-0.363923
0.279653
-0.510717
0.934021
0.923692
-0.832888
-0.763112
-0.557845
-0.019600
0.162485
0.015946
0.058454
0.689177
0.847027
-0.107311
0.773486
0.582429
-0.683172
-0.566428
0.233144
0.266477
-0.849377
-0.792873
0.882695
-0.914488
0.167220
-0.262754
-0.168889
0.249856
0.896413
0.917195
0.885932
0.176066
-0.593522
0.819954
0.099758
-0.426410
-0.943158
0.541914
0.553991
0.219327
-0.442140
-0.387556
-0.091497
-0.595113
0.505133
-0.318011
0.987316
0.821961
0.115562
0.220460
0.088439
0.266185
0.427586
-0.028867
0.351696
-0.405193
0.708379
-0.817192
0.844662
0.604792
-0.899997
0.730595
-0.219143
-0.493519
0.550549
0.880616
0.080071
0.607391
0.422529
-0.365939
-0.173281
0.980389
0.246506
0.735222
-0.614725
-0.248362
-0.582789
-0.627409
-0.426400
0.532772
0.593051
0.662037
-0.201043
0.020638
-0.366829
-0.849346
0.615445
-0.658450
-0.666538
0.460108
0.946341
-0.566535
0.190702
-0.272801
-0.060054
-0.258748
-0.392186
-0.979983
-0.651357
-0.969656
-0.345922
0.175362
-0.989268
0.900584
-0.089417
-0.603992
-0.347778
0.327794
-0.231401
0.225821
-0.139433
-0.638349
-0.112140
0.659525
0.382288
0.521031
0.810178
-0.002266
0.862581
-0.856361
-0.542159
0.808922
-0.422896
0.648544
-0.463878
0.517049
-0.610205
0.143936
0.537066
-0.261561
0.174280
-0.808856
0.913801
0.185012
-0.908273
-0.175616
0.581020
-0.256051
-0.847821
-0.650381
0.969771
0.012746
-0.288730
-0.142369
-0.327730
-0.906442
-0.621337
-0.517553
0.091291
-0.758756
-0.373913
0.549133
-0.949833
0.203191
0.197675
-0.413711
-0.279759
0.587471
0.730226
-0.742693
-0.674091
-0.095494
-0.551549
-0.760290
-0.910482
-0.459822
0.064094
0.670539
0.284127
0.216273
-0.979843
0.253898
-0.770981
-0.268573
-0.888471
-0.098711
-0.175016
-0.509808
0.383736
0.916277
-0.268564
-0.990177
0.465409
-0.218398
0.213014
-0.336916
0.367891
0.933253
-0.749446
0.098116
-0.809439
-0.423536
-0.997378
-0.360988
-0.183826
-0.907860
0.179190
0.880268
0.762678
-0.536683
0.096542
0.782836
0.717216
0.325560
-0.485738
0.828745
-0.773152
0.339247
-0.681064
0.610585
0.255523
0.050372
0.620407
-0.279070
0.831974
-0.166580
0.384014
0.199865
-0.233326
0.634569
-0.702018
-0.042765
-0.788967
-0.699397
0.596247
0.027207
-0.607257
-0.224563
-0.092526
-0.844579
0.238754
-0.995984
0.938255
-0.044031
0.329576
-0.547483
-0.215286
0.556424
0.791763
0.103650
0.167008
0.047286
-0.845978
-0.212586
0.768216
0.985995
0.620835
0.152231
0.185861
-0.612492
-0.213200
0.483843
0.344743
-0.002167
0.784446
-0.059010
-0.974961
-0.822811
0.716426
-0.067487
-0.667390
-0.044819
-0.063470
-0.729134
0.911150
-0.733895
-0.276617
-0.304137
0.822529
-0.484853
0.799513
-0.010464
0.562433
0.953536
0.776951
0.330650
0.939531
0.397784
-0.517120
0.125393
0.785292
0.269679
-0.390764
0.130036
-0.732488
-0.606318
-0.928975
-0.707449
-0.429129
0.787452
0.225064
-0.096520
-0.257368
-0.838406
0.174347
-0.346218
-0.572301
0.897730
0.349644
-0.749772
-0.587124
0.149159
0.239765
0.975310
0.102694
0.016716
0.305958
0.042226
-0.585499
0.788838
-0.832381
-0.800207
0.058518
-0.223145
0.329829
0.326030
0.170536
0.400854
0.618580
0.741407
0.188306
-0.156355
-0.355112
0.930939
0.005239
0.819235
-0.415280
0.432938
0.716965
0.934365
0.683167
-0.870160
0.083523
-0.077068
-0.894851
-0.813783
0.939647
0.411108
0.228444
-0.645852
0.199946
0.396063
-0.446058
-0.741537
-0.827083
0.883770
0.584493
0.343453
0.284625
0.203073
0.084860
-0.527069
-0.953282
0.729749
-0.596131
0.051957
0.548984
-0.011411
-0.515105
0.265948
-0.077047
-0.831939
0.395788
-0.993523
0.090993
0.500936
-0.807306
0.030640
-0.087956
0.421137
0.384788
-0.888010
-0.182800
0.938730
-0.629547
-0.009883
0.822500
0.954947
-0.666430
0.107126
0.158021
0.418431
0.580056
0.204738
0.148179
0.983925
-0.743305
-0.302838
-0.027486
-0.258411
0.963110
0.895467
-0.090350
0.358898
0.901945
-0.999357
-0.140166
-0.905361
0.031283
0.771878
0.515775
-0.583929
0.883868
-0.667024
-0.645199
-0.745678
0.323093
-0.822698
-0.790731
0.656663
0.284428
0.367288
0.075094
-0.135515
-0.427973
-0.776726
-0.151590
-0.171279
-0.079564
0.820924
0.570310
-0.116454
0.716392
-0.520040
-0.757556
0.618336
-0.519397
0.102278
0.712974
0.511886
-0.125843
0.228750
0.927958
-0.241975
0.561725
-0.717241
0.012347
-0.115181
-0.539939
0.221616
-0.458518
0.744490
-0.411096
0.616577
-0.391027
0.160931
0.839850
0.457383
0.989653
-0.239713
0.278307
0.559963
0.643834
-0.005303
-0.960077
0.886277
-0.386967
-0.479474
-0.011445
-0.673993
-0.967588
0.862713
0.554757
0.960370
-0.379262
0.116483
-0.756871
0.633086
-0.998698
-0.296810
-0.145299
-0.457215
-0.552321
0.443605
-0.840639
0.056652
-0.395464
0.999212
-0.485965
-0.405812
-0.240501
0.792340
-0.845849
-0.596668
-0.212961
-0.805926
-0.710391
0.400071
-0.285400
0.278165
0.726079
-0.252987
0.140877
0.280836
-0.292618
0.761615
-0.602681
-0.049489
0.394701
-0.601379
0.653700
-0.750599
-0.058595
-0.898621
0.693007
0.100766
0.158031
-0.702457
0.099978
0.672066
-0.108269
0.859477
0.464407
0.045882
-0.737192
-0.748554
0.239956
-0.447582
0.651517
0.954556
0.830582
0.377596
-0.298432
-0.028541
-0.341569
0.408951
-0.266925
0.055750
-0.640539
-0.872224
0.454371
-0.986838
-0.622823
-0.604224
-0.885459
-0.929817
0.496542
0.272572
-0.632274
-0.403480
-0.055361
0.259456
-0.544003
-0.590955
-0.694661
-0.281195
-0.339509
0.545294
0.271223
-0.687992
0.499850
0.101804
0.689604
-0.798581
-0.926736
-0.651965
0.610370
-0.193661
0.403785
0.969832
-0.065885
-0.141844
0.982993
0.311292
0.253932
-0.902466
0.381476
-0.249526
0.370106
0.749201
0.346995
-0.685255
0.008658
0.802991
-0.276210
0.313996
-0.478204
0.384281
-0.140709
0.793018
0.696289
-0.640858
-0.105177
0.385894
-0.439439
-0.031913
0.733929
-0.829069
0.774426
0.137714
-0.859237
-0.291459
0.995870
-0.876244
-0.980167
0.249803
-0.778710
0.401308
-0.999722
0.591397
0.150510
0.347273
0.906142
-0.840832
0.150264
-0.370068
0.473165
0.672060
-0.985787
-0.667544
0.465079
0.710502
-0.308402
-0.640098
0.096396
0.252159
0.327990
-0.169675
0.423089
0.102416
0.968040
0.563852
0.810958
0.963910
0.687608
0.830791
0.213714
0.908898
0.232100
0.213992
0.500296
-0.617390
-0.438735
0.406438
-0.458222
0.711529
-0.963630
-0.985057
0.383588
-0.949416
-0.652602
-0.151333
0.761087
0.038996
0.208569
-0.142517
-0.708845
-0.463442
0.687807
0.714246
0.638975
0.655848
0.278098
0.449933
0.619757
-0.034294
0.280725
-0.166529
-0.125395
-0.487176
-0.952537
-0.625098
-0.104566
-0.391273
0.781341
0.437212
-0.679744
0.817709
0.452154
0.703845
0.868295
0.799553
-0.447488
0.629381
-0.161450
0.761082
-0.513136
0.129705
-0.702360
-0.825328
-0.156050
0.936614
0.830520
-0.877952
0.386548
0.450278
0.087754
-0.332728
-0.716251
0.962359
0.180096
-0.668788
-0.662739
-0.924469
-0.060061
-0.881399
0.512742
0.260196
0.936310
-0.035102
-0.035959
0.804606
-0.235549
0.516553
0.433986
0.603002
0.277634
0.920851
-0.267293
0.575274
-0.904478
0.576656
0.511888
0.926042
0.698705
-0.101564
0.376318
-0.213541
0.565708
0.660067
-0.251182
-0.254196
0.991281
0.086079
-0.178665
-0.068780
0.204680
-0.665922
-0.808584
0.140991
0.298976
0.155456
-0.054404
-0.936573
-0.327991
-0.620418
0.666429
0.949643
-0.699567
-0.600865
0.524917
-0.604045
0.975792
0.036805
-0.678004
0.674496
0.935242
0.698316
-0.539045
0.500950
0.358383
0.209774
-0.753246
0.349665
-0.704147
0.068089
-0.719116
0.500533
0.402167
-0.527699
-0.358476
-0.298857
0.627757
0.587120
-0.235429
-0.700234
0.966702
-0.569000
-0.750591
-0.732865
-0.169865
0.774327
-0.336910
-0.194073
-0.188868
-0.014913
-0.519577
-0.253627
-0.316598
-0.058621
-0.752677
-0.958214
-0.848848
-0.505922
0.391450
-0.552996
0.562167
0.672334
0.947538
-0.035665
-0.855366
-0.410939
0.665478
0.772392
-0.823818
-0.569951
-0.927842
-0.857115
-0.138951
-0.678433
-0.589980
0.691185
-0.904107
0.073110
-0.502889
-0.092976
-0.941804
-0.022466
0.653397
-0.258402
0.918912
0.900721
-0.216616
-0.929936
-0.605202
-0.825166
-0.482931
0.956966
0.847167
-0.535394
-0.078700
0.991803
0.053668
-0.413222
0.764193
0.229850
0.016827
0.836351
0.372735
0.877876
-0.842082
0.782755
0.569061
-0.746189
-0.144135
-0.933829
0.160836
-0.085939
0.043705
-0.185766
0.655659
-0.037382
-0.285045
-0.560957
0.032682
0.109753
-0.386123
0.549751
0.066719
-0.538956
-0.985643
0.988018
-0.547154
0.068025
-0.425204
-0.782960
-0.702124
0.591623
-0.946609
0.670611
0.469500
-0.788691
0.453366
0.038560
-0.534880
-0.690770
0.104731
0.625955
0.223292
-0.851563
-0.559811
-0.121050
0.111055
0.155144
0.317993
-0.856263
-0.735103
0.931869
0.693488
0.331616
-0.607085
0.707846
0.319634
-0.154239
-0.224129
0.894430
0.062800
0.073747
0.486054
0.116191
-0.255642
-0.044447
0.327500
-0.802277
0.994113
0.792620
-0.493047
0.098846
0.418575
0.730245
0.247282
0.858765
-0.390805
-0.641663
0.013908
0.927188
-0.497926
0.278805
0.859059
-0.804437
-0.389579
-0.748026
0.903408
0.930054
0.097735
-0.320721
0.824484
-0.839464
0.753027
0.310539
0.276726
-0.502616
-0.733908
-0.395773
-0.304893
-0.739794
-0.603154
0.202061
0.359050
0.815422
-0.067696
-0.393667
0.674186
0.541499
-0.035330
-0.311905
0.468688
0.466744
0.966901
0.327748
0.662307
-0.422679
0.579721
0.565716
-0.492624
-0.322544
-0.755005
-0.668140
-0.162009
0.998021
0.642399
-0.885282
-0.504595
0.908492
-0.281055
0.190512
-0.831303
0.115792
-0.607428
0.527747
-0.068788
0.324876
-0.865919
-0.394601
-0.133624
0.098751
0.293493
-0.664936
-0.434505
0.260394
0.662810
-0.772198
0.837714
0.242532
0.793516
-0.654910
0.919988
-0.961488
-0.323049
-0.242020
-0.963467
-0.680650
-0.127302
-0.468062
-0.772159
0.591642
0.722451
-0.603462
-0.292566
-0.884977
0.924286
0.638647
0.439899
-0.941634
-0.755955
-0.693725
0.157117
0.537539
-0.358661
0.722611
-0.202068
-0.695850
0.950413
-0.364354
0.546682
0.743930
-0.019263
0.466671
0.782442
0.657687
-0.775350
0.818975
0.977037
0.097348
-0.649086
-0.795122
-0.311010
-0.926636
-0.398584
0.396423
-0.811613
-0.474299
0.035071
0.628286
-0.415932
0.279116
0.934561
0.741185
-0.183345
-0.424100
0.463796
0.614587
-0.119949
0.414210
-0.749766
-0.573267
0.158141
0.230971
0.893404
-0.059417
-0.111342
-0.881946
-0.240442
-0.134305
0.215401
0.110472
0.070573
0.904391
0.183836
0.671989
0.300815
0.372223
-0.802309
-0.664114
0.000509
-0.218241
0.615002
-0.064929
-0.477056
-0.568343
0.510971
0.986740
-0.953755
-0.608978
0.400951
-0.703522
-0.182245
-0.440908
0.527449
-0.288841
0.499675
-0.583893
-0.170788
-0.740768
0.281801
-0.955387
0.369703
-0.647626
0.949005
-0.446460
-0.975637
0.249820
0.925763
-0.777946
0.585707
-0.073728
0.003812
0.200708
0.861343
0.526756
0.632365
0.372314
0.513496
0.678610
0.763335
-0.085552
0.975088
-0.418910
0.473539
0.502537
0.292248
-0.026787
0.918643
-0.878540
0.232445
0.200446
-0.833927
-0.397851
0.552819
-0.884922
0.155688
0.577183
0.364899
0.081450
0.799238
-0.049396
-0.992278
-0.196950
-0.848687
0.869065
-0.670194
0.783677
0.241378
0.843303
0.462288
0.004713
-0.242249
0.437377
0.585803
-0.768711
-0.060086
-0.121949
0.204502
-0.141442
-0.000489
-0.563052
-0.940996
0.165585
0.039097
0.611824
0.280663
-0.805215
0.189007
-0.354439
0.276236
-0.011755
0.596165
0.283958
0.791294
0.747479
0.153023
-0.878899
0.531156
-0.605599
0.964403
-0.006555
0.399114
-0.277846
-0.569178
-0.015083
-0.046557
0.370735
0.862968
-0.842054
-0.770706
-0.137520
-0.405106
-0.711703
-0.971935
0.633990
0.900120
0.308729
0.828775
0.089128
0.954290
0.105011
-0.922627
0.550456
-0.611031
0.868667
0.297933
0.541992
0.989768
-0.170909
0.936393
0.954171
0.822535
0.335507
-0.323675
-0.746643
-0.679575
0.629767
0.624092
-0.816607
0.787713
0.853386
0.045873
-0.617393
-0.858316
0.073938
-0.983404
-0.958195
-0.617333
0.845371
0.130933
-0.663044
-0.049619
0.208306
0.887411
0.339351
0.076973
0.185345
-0.118657
0.066740
-0.985564
-0.182265
0.020911
0.836971
-0.846757
0.697235
-0.909672
-0.526333
0.327003
0.714421
-0.342939
0.114715
0.567808
0.702933
0.497322
0.709490
-0.223127
0.513918
0.751296
0.159539
0.359290
-0.117771
0.496496
-0.690328
-0.909465
0.383908
0.649023
0.167508
-0.430747
-0.469634
-0.765753
-0.416311
0.348101
0.255158
-0.579340
0.501343
-0.047607
-0.489012
0.975011
-0.720604
-0.774591
-0.367928
0.394111
0.793215
-0.664994
-0.108566
0.502706
0.111879
-0.594647
0.254002
-0.728582
0.764643
-0.863769
0.767914
-0.925685
-0.773234
0.151821
0.723338
0.394273
0.721073
-0.746296
0.628521
-0.695237
0.601805
-0.116321
-0.274577
0.103148
0.836071
0.236410
0.078159
-0.884532
0.461818
0.710231
0.509580
0.255035
-0.954763
-0.598986
-0.242259
0.157115
-0.193633
-0.988257
0.428533
-0.428990
-0.852026
0.196447
-0.354674
-0.625260
-0.651733
-0.631336
0.769014
-0.930659
-0.377633
0.397534
-0.625897
-0.775828
-0.718787
0.099526
0.327320
-0.882716
-0.664064
-0.594520
-0.767248
0.797756
-0.884289
0.742332
0.052790
-0.839051
-0.856655
0.810531
0.318064
-0.050287
0.822274
-0.253402
0.520722
0.970248
0.943043
-0.833952
-0.655012
-0.708690
-0.465288
-0.885998
-0.639349
0.157080
0.511536
-0.265246
0.381252
0.792749
0.834280
-0.291428
0.910034
-0.829784
0.114051
-0.857214
0.967971
0.229763
0.885118
0.020762
0.390711
-0.971537
-0.168708
-0.291225
-0.021825
-0.346434
0.455373
-0.501103
-0.376186
0.398416
-0.335054
-0.031198
0.689727
0.199658
0.082804
-0.949622
-0.643263
-0.405659
-0.214868
0.737988
-0.612910
-0.380588
-0.553440
-0.702877
-0.210372
0.560612
-0.560091
-0.242400
-0.209625
-0.674974
0.778361
-0.818914
-0.646511
-0.390347
-0.110139
0.331664
0.263219
-0.654766
0.830560
0.887034
0.743651
-0.504494
-0.144164
0.433377
0.695163
0.938639
0.483755
-0.948099
-0.467020
-0.731113
0.789890
-0.079929
-0.111701
-0.763550
0.217194
0.677927
0.797062
0.657102
-0.564474
-0.412564
0.982128
-0.786112
-0.231478
-0.664383
-0.176459
0.658383
0.667281
-0.913240
-0.996383
0.497842
0.973793
0.747268
0.993349
-0.170370
0.180644
0.688511
-0.231731
-0.335601
0.740413
0.301250
-0.066714
0.530302
-0.778680
0.821585
0.766753
0.438513
0.499511
0.563813
0.095616
0.935038
-0.848750
0.077745
-0.851074
-0.080228
0.413362
-0.027534
-0.421845
0.080643
0.059227
-0.418228
-0.421515
0.033021
-0.670960
-0.428167
0.862650
0.509685
-0.739655
-0.369080
-0.825916
-0.999242
0.932169
0.107370
0.531060
-0.846510
-0.071045
0.297811
0.592003
-0.571533
-0.138375
-0.312380
-0.636495
0.012875
0.765364
-0.487569
0.932646
0.178727
0.484898
-0.489198
-0.740630
-0.455875
0.092575
-0.162145
0.577146
0.421616
0.409689
0.439797
-0.068700
0.670034
-0.929284
0.105384
0.670791
-0.997114
-0.787246
0.201851
-0.843624
0.141709
-0.500337
0.748379
0.570177
0.361289
-0.564000
0.933682
-0.625836
-0.798636
-0.553887
-0.693189
0.380092
0.931010
-0.182388
0.639462
-0.524865
0.910187
-0.522683
-0.947719
0.331804
0.887005
0.492077
-0.736897
0.557039
0.562794
0.368488
0.227831
0.565680
0.581241
-0.570318
0.722056
-0.277050
-0.070654
0.470435
-0.706873
-0.709365
0.906435
-0.773192
-0.335202
-0.892201
-0.327079
-0.028391
0.487890
-0.396069
0.789221
0.127353
0.079066
0.699410
0.604670
0.131347
0.031212
0.491676
-0.376575
0.294316
0.048715
-0.813781
-0.337197
-0.723454
0.751899
-0.755956
-0.293772
0.473955
-0.033006
0.635575
-0.055611
0.260122
0.926208
-0.149176
0.486929
-0.408993
-0.041377
-0.840149
0.562616
-0.553487
-0.236219
0.351837
0.573866
0.842848
0.051246
0.178535
-0.025805
-0.917541
-0.329790
0.597620
0.376774
0.718925
0.783840
-0.960423
0.995469
0.535738
-0.716379
-0.298302
0.009692
0.250616
-0.662728
0.954081
-0.489263
-0.736519
-0.195094
0.997667
-0.145512
0.763529
-0.842483
-0.582896
-0.789958
-0.078701
0.768941
0.783907
-0.235854
-0.179813
-0.037557
0.738343
-0.097354
0.632653
0.335963
-0.720580
0.351577
0.119801
-0.681002
0.347048
-0.344461
-0.397381
-0.951254
0.665232
0.853234
-0.613982
0.619313
-0.636029
-0.350501
-0.575781
-0.638362
0.503986
-0.812252
-0.480845
0.921091
-0.602210
0.440454
0.690032
-0.818302
-0.795400
-0.489782
0.144140
0.942942
0.412863
-0.223207
0.278905
0.692284
-0.871629
-0.601294
-0.988718
0.475419
0.054245
-0.386099
0.524164
-0.280523
-0.532864
0.910183
-0.661210
-0.168893
-0.440318
-0.236991
0.192745
-0.936331
-0.049242
0.711901
0.984758
0.348548
0.152353
0.674789
0.530246
0.356954
-0.814992
-0.325615
0.299896
0.597871
0.451179
-0.421200
0.290155
0.579549
-0.022494
0.301437
0.054968
-0.968248
0.915338
-0.420867
-0.248771
-0.617526
-0.510685
0.090019
0.213581
0.048998
0.853028
-0.593674
0.112666
-0.196214
-0.881774
0.097425
-0.847667
0.270580
-0.227785
0.682578
-0.372467
-0.042778
-0.643037
0.927429
-0.444907
0.808143
-0.493770
0.845249
0.387691
0.483736
0.146686
-0.557341
0.515488
0.062025
0.021792
-0.733284
0.444498
0.511108
0.356735
-0.341921
-0.439894
0.209764
0.064404
0.672772
-0.986450
0.182630
-0.229804
-0.834116
-0.546791
0.542412
0.848462
0.080743
-0.500367
-0.794575
0.008172
0.054727
-0.986433
0.514403
-0.100025
0.401259
-0.001862
-0.953338
0.843917
-0.486374
0.108686
-0.134290
-0.219658
-0.446816
-0.623182
-0.862922
0.211262
-0.063077
0.346841
-0.724333
-0.390305
0.360391
0.458297
0.379892
0.526275
0.911506
-0.077697
0.374737
-0.007751
0.421936
0.580163
-0.999578
-0.523337
0.593730
0.514824
0.376639
-0.005011
-0.487038
0.423300
-0.161094
0.026589
-0.468014
0.704617
0.806930
0.085169
-0.918566
0.944007
-0.703568
0.018358
0.290849
-0.427901
0.628052
-0.348759
-0.969605
0.007945
-0.822484
0.941903
0.930247
0.552254
-0.065849
0.352183
0.132416
-0.065427
0.828846
-0.273854
-0.550604
0.205485
0.721134
-0.037641
-0.371214
-0.439959
0.988947
0.160772
-0.735343
0.795876
-0.754059
-0.653909
0.739885
-0.457627
0.364448
0.030734
0.114471
-0.007499
0.681974
0.144867
-0.999554
0.859492
0.086769
0.930693
0.411745
-0.979080
0.282877
-0.455839
-0.044508
0.111723
0.270306
0.404889
-0.682792
-0.008559
-0.632752
-0.054006
0.551481
-0.643805
-0.893235
0.816140
-0.847928
-0.647294
-0.837770
0.891956
-0.104921
0.526680
-0.077309
-0.990449
-0.480820
-0.395334
0.154418
-0.480373
-0.535843
-0.758813
-0.549680
0.875901
-0.737893
0.733196
-0.579938
0.217599
-0.155081
0.690370
-0.377512
0.162127
-0.318190
-0.010264
-0.891879
-0.766708
0.345931
-0.785114
-0.950569
0.498002
-0.432407
-0.788339
0.389959
0.462672
0.738341
-0.687350
0.472223
-0.742479
-0.082685
-0.373359
-0.222853
0.381473
-0.132172
0.227466
0.257374
0.129935
-0.039338
0.677436
-0.652466
0.805581
0.367805
-0.029977
-0.032292
-0.950386
0.959758
0.075830
-0.717093
0.305689
0.290716
-0.667662
-0.196309
0.858309
-0.456001
-0.806349
0.320980
-0.717661
-0.493699
-0.206796
-0.460140
0.423616
0.419846
0.317006
-0.194911
-0.712327
-0.455527
-0.937538
0.417608
0.505136
0.739897
0.765142
0.310717
0.107702
-0.264835
-0.721575
0.157316
-0.305076
0.354255
0.440222
-0.999387
-0.355030
0.772561
-0.195695
-0.496721
-0.683441
-0.002044
0.824260
-0.401102
0.504257
-0.382537
0.138758
-0.072126
-0.962692
-0.544236
0.732962
-0.675018
0.000237
0.795424
0.742589
-0.494628
0.535322
0.507733
0.816089
-0.356977
-0.757102
-0.905486
0.800339
-0.062178
0.448767
0.240562
-0.061565
-0.906262
0.013122
0.742739
-0.402983
0.329681
-0.259304
-0.578724
0.928578
-0.755047
0.038740
0.067336
0.172827
0.076047
0.523101
-0.094211
0.401029
-0.476663
-0.298787
0.143618
0.028710
-0.763465
-0.348648
-0.155201
-0.120442
-0.105750
-0.060687
-0.320103
0.832071
-0.611920
0.920459
-0.229493
-0.518182
-0.066419
-0.486753
0.078835
-0.736738
0.253943
0.500111
-0.808160
0.498897
-0.461149
0.259177
-0.328277
0.614899
-0.217723
0.577511
0.015927
0.305614
-0.721276
-0.840454
-0.665676
-0.484741
-0.189103
0.179122
0.394817
0.705147
-0.881565
-0.925286
0.537218
-0.493485
0.995174
-0.692275
-0.011666
-0.071245
-0.179028
-0.932831
0.192016
-0.925085
0.567281
0.383857
0.573811
-0.893869
-0.356967
-0.754466
0.721029
0.425310
0.823045
-0.263045
-0.269077
-0.898230
-0.103499
0.065246
-0.382971
0.707399
-0.755631
-0.988154
0.412545
-0.637196
-0.913440
-0.050236
-0.130681
-0.918267
0.257489
0.857654
0.010487
-0.921538
0.924821
-0.797497
-0.846623
0.492102
0.586360
0.727189
0.598232
-0.770608
0.972722
0.319262
0.654701
0.795767
-0.943783
-0.614375
0.897538
-0.047282
0.450871
-0.485434
-0.339883
0.695241
-0.473588
-0.927338
-0.941955
-0.387028
0.022426
-0.072636
-0.305295
-0.720085
-0.214982
0.705193
-0.641623
-0.290160
0.907696
-0.488246
-0.798058
0.494055
-0.761057
0.800176
0.723447
-0.788335
0.119436
0.378149
-0.992567
0.175654
0.763773
0.904970
-0.871627
0.214645
-0.580464
-0.211510
-0.090114
-0.054051
-0.138848
-0.032069
0.558920
0.883578
0.895296
-0.746375
-0.836507
-0.319687
0.958818
-0.478130
0.390152
0.866513
0.033625
0.592094
0.360568
0.272567
0.392270
0.084015
0.484232
-0.488294
-0.537836
0.491665
0.687360
-0.774063
0.396636
0.815733
0.440582
0.816172
-0.395778
-0.649532
-0.237880
0.465374
0.318399
-0.678959
0.348951
0.213693
-0.425334
0.512444
0.894008
-0.466516
-0.965685
0.284159
-0.600002
0.067940
-0.123746
0.760566
-0.659493
-0.731476
-0.155418
0.824739
-0.219770
0.306745
0.316405
-0.532410
0.532682
-0.286960
-0.716678
-0.026735
-0.470788
-0.112456
0.323734
0.291332
-0.647082
-0.357868
0.612373
0.701869
0.855827
-0.812961
0.214314
0.749833
-0.279476
0.248629
0.033992
0.120521
-0.683431
0.910246
-0.118913
-0.342924
-0.821229
0.725668
-0.518184
-0.041000
0.032413
0.798220
0.426590
-0.434904
-0.488740
0.709912
0.538362
0.040472
-0.402544
-0.137906
-0.668196
-0.049626
0.504226
0.944178
-0.347757
0.360051
-0.868784
0.866556
0.109885
-0.148260
0.115186
-0.856123
0.972262
0.431754
-0.945876
-0.146651
-0.911170
-0.767105
-0.420983
-0.429354
0.191895
0.611430
-0.631134
-0.381515
-0.823473
-0.119874
-0.671602
0.714889
0.920599
-0.074146
-0.423017
-0.747598
0.876228
-0.918791
-0.803421
-0.471529
0.441261
-0.672204
-0.604972
-0.448855
0.179536
0.510214
-0.304977
0.151798
-0.058033
-0.250854
-0.994854
0.030798
-0.017959
-0.415836
0.601445
-0.826064
-0.804406
0.970311
-0.207578
-0.627878
-0.149563
0.120820
-0.912989
-0.228964
-0.953327
-0.336006
0.023438
0.922901
-0.254797
0.220017
-0.548627
-0.813536
0.547813
-0.153599
-0.262391
-0.272651
-0.643386
0.432632
0.879147
0.298582
-0.818222
0.884294
-0.670620
0.163819
-0.531543
0.930825
0.337755
-0.335949
0.901135
-0.869824
0.036173
-0.248428
0.250996
0.123184
0.522607
0.297668
0.787177
-0.453956
0.220570
-0.467619
0.766062
0.671944
-0.281155
0.313874
-0.481655
0.456453
-0.958776
-0.125041
-0.110915
0.920371
-0.826459
0.070863
0.804664
-0.497080
-0.765318
-0.726879
-0.566256
0.572436
-0.062827
-0.665121
0.702613
0.973345
0.086450
-0.046391
0.096529
-0.390943
-0.748722
-0.116292
0.155101
0.471849
0.416088
-0.078837
0.143792
-0.865067
-0.764962
0.662137
0.591386
-0.723738
-0.462904
-0.519529
-0.803367
-0.289363
0.551334
-0.998703
0.213558
0.786016
-0.725581
0.647301
0.358452
0.211591
0.982180
0.061065
0.184938
0.068631
-0.985326
-0.718533
0.677687
-0.734048
0.165175
-0.167212
0.737800
-0.418738
0.753951
-0.118407
-0.283805
0.988990
-0.456270
-0.692418
-0.734748
0.080827
-0.211947
-0.538115
0.791464
-0.660613
-0.536818
0.005022
-0.874598
-0.262400
-0.347677
0.483855
0.949191
-0.365497
-0.455080
0.134128
0.703134
-0.440405
0.415595
0.380821
-0.174454
-0.419230
-0.786391
-0.436653
0.162033
0.967562
0.444941
0.878229
0.956551
0.988670
-0.814190
-0.778197
0.069498
-0.026137
-0.316312
-0.139039
0.313249
0.146870
0.865983
0.438651
0.884469
-0.481694
-0.077493
0.833660
0.152809
0.467428
-0.032210
-0.144057
-0.972978
-0.616614
-0.763237
-0.147432
-0.035844
-0.549628
0.415915
-0.873811
-0.582066
-0.139145
-0.995582
-0.625515
-0.150474
-0.809772
-0.403712
0.919025
0.164091
0.279976
-0.220014
-0.522660
-0.573154
-0.354032
0.915991
-0.688685
0.164275
-0.161501
-0.855023
-0.682916
-0.694074
0.112766
0.173027
-0.667052
0.496152
0.409789
0.185516
-0.539692
0.860161
-0.398569
-0.413502
-0.721905
0.462286
-0.409085
-0.347420
-0.688187
-0.218857
0.248869
-0.769163
0.945234
-0.471155
0.010822
-0.577426
-0.044309
0.656792
-0.661435
0.267005
-0.178934
0.177065
0.411982
0.138149
0.482991
-0.475251
-0.688825
0.815940
-0.979099
0.720965
0.001456
-0.518791
0.581126
0.602887
0.067707
0.859222
0.065174
0.658622
-0.488198
0.376988
-0.560236
0.760671
0.607825
-0.615002
-0.710485
-0.381353
-0.192429
0.245206
-0.724561
0.146137
-0.487789
0.096504
-0.676799
0.924194
-0.765347
0.806193
-0.551058
-0.454171
0.622132
-0.530157
-0.733207
-0.376412
-0.048947
0.847919
-0.773525
-0.981241
0.707141
0.291650
0.677380
-0.781057
-0.331364
-0.882856
0.979615
-0.723539
-0.497858
-0.730871
-0.104892
0.309713
0.514335
0.170546
-0.544150
-0.973454
-0.732950
-0.220949
0.950741
-0.498296
-0.414756
-0.600318
0.047532
-0.792625
-0.130474
0.314326
-0.169037
0.820578
0.162246
0.057438
0.839337
-0.130614
-0.650913
0.516717
0.088330
0.017723
0.633861
0.067943
0.294184
-0.863996
0.337072
-0.810708
0.445717
-0.148594
0.359839
0.901567
-0.122048
0.626888
-0.319383
-0.171307
-0.871407
0.265861
0.228375
0.176125
0.473236
-0.902099
-0.509549
-0.695801
0.918480
0.652696
0.361638
0.757816
-0.477918
0.710725
0.274533
0.610412
-0.271552
-0.091605
-0.321645
-0.977367
0.044399
-0.984573
-0.788075
-0.509884
-0.133167
0.571763
-0.608318
0.744786
0.198653
0.072299
-0.426521
0.327245
-0.661840
0.801854
-0.496630
0.811397
0.899755
-0.006179
-0.884404
0.818235
-0.353482
0.477234
0.576052
0.168601
0.187958
-0.149414
-0.220987
0.916407
0.758982
0.457367
0.939038
-0.196620
0.472794
-0.849036
0.293495
-0.660373
0.722728
0.685178
-0.915587
-0.078620
-0.242524
-0.342108
-0.751375
0.095636
-0.540253
-0.248004
-0.092967
-0.640497
0.745818
0.022628
-0.822262
-0.607664
-0.500139
0.753790
0.560937
0.687819
-0.395623
-0.660051
0.604226
-0.636642
0.797316
0.543265
0.166738
0.270110
0.694230
-0.539766
0.609738
0.416956
-0.854589
0.694150
-0.661663
-0.097113
-0.647958
-0.413037
0.998523
-0.188211
0.338959
-0.094444
0.171292
0.084777
0.928185
0.349030
0.477113
-0.571955
0.102821
0.038048
-0.884135
0.707198
0.377997
0.720091
-0.929445
0.175314
0.263355
0.237293
-0.554577
-0.042416
0.697526
-0.944840
-0.625459
0.842938
0.749310
-0.287122
-0.254175
-0.898647
0.299841
-0.255651
-0.086858
-0.361200
0.649904
-0.915566
0.723576
0.578088
0.433464
0.200689
-0.993866
-0.463715
-0.761263
-0.878001
-0.756517
0.616734
0.842089
-0.685962
-0.207952
0.105444
0.551332
0.237470
-0.936972
0.248859
0.292630
-0.562431
0.091796
0.041941
0.150448
0.837622
0.143294
-0.549711
-0.418030
-0.943564
0.089089
-0.768125
-0.859130
-0.187335
0.809963
0.574334
-0.986646
0.816098
-0.889381
-0.747909
0.938096
-0.645898
0.868826
0.780185
-0.331860
-0.339127
-0.114372
-0.780528
0.898343
-0.051343
0.468331
0.190974
0.386226
-0.439872
-0.767085
-0.463326
-0.602251
0.376208
-0.013037
-0.020281
0.432645
-0.923948
0.211593
0.573515
-0.111283
0.021556
0.147848
-0.097930
-0.162347
0.258468
0.154162
-0.224251
0.612570
0.022986
-0.444066
-0.719290
0.683859
0.441563
-0.499818
0.582203
-0.609780
0.968512
-0.226823
0.776447
-0.471360
0.006092
-0.686879
-0.073611
-0.617699
0.300083
0.906107
0.814945
0.376135
0.117701
0.388460
-0.735148
-0.860742
-0.463690
0.166923
-0.023088
0.794778
-0.678916
0.752661
0.407348
0.344071
-0.691404
0.688057
0.027930
0.750158
-0.811760
-0.389867
-0.859621
-0.843247
0.383310
0.916827
-0.314606
-0.610598
-0.770053
0.611783
-0.228296
0.530031
0.517891
-0.413351
-0.093834
-0.364407
0.975110
0.171018
-0.225148
-0.488581
-0.662059
0.751764
-0.693804
-0.340974
0.504424
0.713543
-0.996904
0.813020
0.401601
0.031027
0.563180
0.589841
0.641160
0.703558
0.746595
0.024471
0.620384
-0.568011
0.413872
0.850332
-0.956227
-0.814424
0.380363
0.561664
-0.227775
-0.713472
-0.802743
-0.252665
0.457546
-0.027891
0.258754
0.795487
-0.276128
0.564950
-0.545487
-0.771704
0.278494
-0.542391
-0.958683
-0.319904
0.488636
0.604495
-0.730062
0.129796
0.308055
-0.983467
-0.845733
-0.071560
-0.551477
0.568140
-0.221229
-0.507705
0.753715
-0.840867
-0.946041
-0.474059
-0.554338
-0.748784
0.273276
0.903209
0.223325
-0.467970
0.698696
0.947196
-0.903019
-0.846791
-0.824508
0.375475
-0.389182
-0.783191
-0.944429
-0.900546
0.821305
-0.674491
0.229251
0.129360
-0.657958
0.383518
-0.942201
-0.209435
-0.048343
-0.163430
0.282860
-0.294628
-0.004296
0.336819
0.231313
0.441366
0.588035
-0.495411
0.344574
-0.188640
0.036619
0.043270
-0.241444
0.133600
0.196478
-0.065951
-0.490926
0.807297
0.150857
-0.435355
0.906750
-0.027838
-0.109846
0.136001
-0.898478
0.232196
-0.480481
-0.840679
-0.977239
0.471175
-0.004108
0.305620
-0.823453
0.991596
-0.357561
0.407861
0.432961
-0.769525
0.912450
-0.222464
0.041835
-0.050932
0.820806
0.800392
-0.917333
0.017284
-0.265561
-0.408258
-0.175420
0.885297
0.156387
-0.268669
-0.142541
-0.953459
0.867333
-0.041019
0.278737
-0.613149
0.118303
0.301497
0.858027
-0.885806
-0.392882
-0.965426
-0.894210
0.249557
0.442434
0.538751
0.480033
0.354884
-0.683712
-0.478133
-0.696048
-0.862907
-0.677742
-0.613381
0.154377
0.056697
-0.021639
0.978957
-0.058006
-0.865252
-0.289711
0.799452
-0.818712
-0.422378
-0.241566
0.460024
-0.035526
0.876736
-0.238477
-0.177500
0.990931
0.368641
-0.142926
-0.903279
-0.381802
-0.700491
0.635473
-0.901769
0.654393
0.951761
-0.379902
0.958344
-0.911146
-0.057645
-0.655036
0.243230
0.999052
0.323325
0.222189
-0.058955
0.458072
0.932478
-0.259502
0.639360
-0.489901
0.498932
0.099385
0.474573
0.375669
0.860909
-0.702928
0.366599
0.229550
0.154147
0.463321
0.847747
0.453655
0.098794
0.945979
0.108048
0.050555
-0.433923
0.066392
0.139408
0.508431
0.411356
-0.617361
0.507484
-0.265319
0.604827
-0.551470
-0.807247
0.537305
0.189028
0.832113
-0.952596
-0.312039
-0.068501
0.521977
-0.936371
-0.207592
0.819048
0.430228
-0.978043
-0.026805
-0.106451
0.869706
-0.573150
0.992343
0.815684
0.534898
0.042898
-0.618239
-0.398709
-0.817695
0.890193
-0.987353
-0.435056
0.397676
-0.252673
-0.830228
0.846207
-0.059920
0.707076
0.035235
-0.227806
0.754481
0.723195
0.703695
0.276458
0.786825
-0.503898
0.095506
0.217053
-0.481940
-0.931299
-0.889397
-0.612235
-0.504449
-0.897054
-0.796551
-0.969551
0.145843
-0.414790
-0.368260
0.328149
-0.524598
-0.355613
0.893093
0.873078
0.391714
-0.937135
0.719286
-0.668204
0.769943
-0.245480
0.103990
0.524423
-0.522285
-0.192316
-0.199119
-0.735460
0.303787
0.896386
0.481593
0.821846
0.965088
0.592196
-0.790389
-0.539361
0.695141
-0.586940
-0.508911
-0.159016
-0.001729
0.122829
-0.830867
0.473673
0.767216
-0.937775
0.346751
0.158931
-0.874910
0.066037
0.490727
0.895033
0.820556
-0.405283
0.419457
-0.701728
0.402402
-0.779663
-0.437188
-0.293812
-0.883275
-0.955595
-0.471966
-0.918187
0.636600
-0.262355
-0.457548
0.331742
0.150705
0.033541
-0.827274
-0.851024
-0.843629
-0.658142
0.622648
0.923586
-0.595917
-0.030600
0.082517
-0.470826
-0.964563
-0.426755
-0.575793
0.855995
0.167962
0.843663
-0.845733
-0.429637
-0.936000
-0.282921
0.276550
-0.819275
-0.238516
0.804584
-0.737462
-0.601915
-0.457770
-0.195010
0.729827
0.692936
0.838532
0.902552
0.841910
0.994903
-0.755589
0.464559
0.918490
-0.351505
-0.566040
0.001007
0.177669
-0.530603
0.574250
0.601876
-0.674609
-0.257788
0.445539
-0.520341
0.312574
0.509539
0.196738
-0.410875
0.690263
0.958223
-0.606290
0.952802
-0.643693
-0.064061
-0.242208
-0.913866
-0.371126
-0.403676
0.988688
-0.529215
-0.408775
-0.766902
0.935344
-0.490286
-0.118407
-0.630696
0.510721
-0.940738
-0.161299
0.084972
0.661138
0.164093
0.827184
0.106676
0.643752
0.139759
-0.383785
-0.159511
0.728884
-0.693521
-0.201289
-0.877406
-0.740719
0.155018
0.058533
0.017072
0.241152
0.687407
0.613396
0.229840
-0.841808
-0.795378
0.462939
-0.906463
-0.285663
-0.655468
-0.537160
-0.774942
-0.596206
0.301541
0.310030
-0.935068
-0.534366
0.137214
0.171608
-0.890615
-0.723027
0.787824
-0.050127
-0.994143
-0.905697
0.748584
-0.871550
-0.646416
-0.096398
0.186983
0.370657
-0.855245
-0.125610
-0.015947
0.374595
0.032582
0.188675
-0.162466
0.126119
0.903011
0.182065
0.588959
-0.871931
0.585859
-0.109499
0.438098
0.650792
0.356136
-0.424688
-0.177600
0.465520
-0.147715
-0.389777
-0.584607
-0.141859
-0.295474
-0.836022
-0.013408
0.058110
0.067580
-0.826426
-0.571234
0.212336
0.047964
0.412819
-0.413069
-0.919454
-0.398506
0.424465
0.206665
-0.495495
-0.393469
-0.204375
-0.367426
-0.807610
0.686125
-0.929328
0.843182
0.042261
-0.354016
-0.334419
-0.492220
0.498269
0.275805
-0.076826
-0.643590
0.980329
0.087151
0.343002
0.038440
-0.845269
0.516576
0.467206
0.367066
-0.435460
-0.119975
0.953997
-0.354913
0.481519
0.378463
0.851752
0.986023
0.984995
-0.352624
-0.381403
-0.822616
-0.666498
-0.310731
-0.979434
0.375763
0.335252
-0.313853
0.883542
-0.166479
0.961951
-0.193284
0.189931
0.942281
0.893868
-0.467068
-0.019279
-0.951402
-0.950493
-0.552073
0.415665
-0.385953
0.327952
0.369664
0.259134
-0.190529
-0.251874
0.110885
-0.204505
-0.266880
0.758261
0.414091
-0.089496
-0.908238
-0.896639
-0.068930
0.467525
0.438614
0.617218
0.351066
-0.727865
0.579168
-0.842217
0.462066
0.521451
-0.948350
0.994996
-0.497829
-0.899752
-0.955496
-0.049902
0.515913
-0.341449
-0.721949
-0.114424
0.917684
0.087521
0.633703
0.028569
0.883017
-0.633177
-0.213170
0.297108
0.277326
-0.121407
0.400469
-0.791603
-0.653883
-0.160917
0.825614
0.697184
0.111217
0.404782
0.854968
-0.426717
-0.073767
0.906616
-0.431720
0.428403
-0.993136
-0.387217
-0.621498
0.522778
0.271335
-0.343448
-0.591646
0.189019
0.744075
-0.957943
-0.782412
0.627090
-0.591121
0.004418
-0.075801
0.686206
0.883009
-0.675332
0.894603
-0.770873
0.163751
0.720218
0.926312
-0.725031
0.125000
0.781278
-0.151748
-0.948767
0.687895
0.416531
0.479636
0.694758
-0.970685
0.858139
0.217536
0.300649
-0.485309
0.625890
-0.510333
-0.741235
0.667948
-0.292746
0.885857
-0.923173
0.711673
-0.189945
0.763034
0.594682
0.134724
0.657637
0.823809
-0.701526
0.377854
0.750121
-0.426557
-0.497146
0.531398
0.421694
-0.445913
0.219293
-0.161774
-0.966277
-0.085949
-0.132460
0.891861
-0.868413
-0.831811
-0.593447
0.757479
-0.342144
-0.334682
0.425425
0.365110
-0.448826
0.502252
0.076783
0.361229
0.265285
-0.328535
-0.504048
-0.077078
-0.504725
-0.205574
-0.699224
-0.754605
0.367869
-0.196370
0.776793
-0.210436
0.357716
-0.003914
0.627790
0.391440
0.910137
-0.504669
0.283302
-0.958275
-0.336480
0.689854
0.799202
0.321375
-0.644828
0.224628
-0.313514
-0.093654
-0.273120
0.763268
-0.732425
0.992165
-0.565266
-0.236473
-0.084914
-0.069991
0.557954
0.215862
0.175404
-0.074177
-0.980508
-0.047802
0.715388
0.377208
0.948284
0.343178
-0.231353
0.858423
0.838509
-0.948051
0.900147
-0.497972
0.741802
0.699349
0.823404
-0.903025
-0.076023
-0.490110
0.003321
0.650858
-0.726841
0.270896
0.643022
-0.292107
-0.965577
-0.441891
0.637902
0.592376
0.773972
-0.186692
-0.481800
0.793463
0.765506
-0.766412
0.170671
0.713790
0.576766
0.939320
0.572213
0.415275
0.991267
0.472359
0.917304
0.733071
0.171709
0.740707
0.830044
-0.904313
-0.749402
-0.166634
0.746544
-0.476243
-0.895739
0.389567
0.231651
-0.861316
0.947677
-0.130447
0.731060
0.721648
0.682861
-0.750739
0.515112
0.448366
-0.517151
-0.314218
0.162157
-0.940384
-0.374898
-0.265630
0.474891
-0.383631
-0.793271
0.392196
-0.650560
0.378438
0.132903
-0.820515
0.474126
0.383501
0.012850
0.220670
0.907257
0.117111
-0.389762
0.138907
0.255795
-0.442086
-0.991540
-0.013145
-0.720438
0.691322
0.236116
0.794674
0.139688
0.718965
-0.519545
-0.698155
0.778582
0.105557
0.036215
0.253473
0.721927
0.242943
-0.354332
-0.928634
-0.378618
0.778571
-0.749149
-0.904492
0.162071
0.263702
0.316178
0.069328
-0.619187
0.926416
-0.791765
0.636609
-0.515671
-0.783304
-0.376536
-0.236109
0.908016
0.859581
-0.441435
0.047704
0.578546
0.039020
0.349549
0.357127
-0.855423
-0.614237
-0.389400
0.866504
0.628707
0.256268
0.937870
-0.749911
0.034838
-0.811278
-0.654403
-0.803090
0.452423
0.661775
0.266238
0.833237
0.588190
0.474472
0.469845
-0.927480
0.691169
-0.906691
-0.163589
0.599185
0.952890
0.394976
-0.353110
0.531435
-0.566004
0.996439
-0.111438
-0.421427
-0.617798
0.499162
-0.554923
-0.989091
-0.244571
-0.617053
-0.739001
0.790268
-0.428331
-0.393404
0.987177
-0.975908
-0.731629
0.253415
0.857329
0.856562
-0.272112
0.327173
0.929082
-0.580944
0.420482
-0.234507
-0.981758
0.373371
-0.839532
-0.334867
-0.095194
-0.405536
-0.338428
0.793368
0.173037
0.043774
0.292530
0.618114
0.054684
-0.952040
-0.998939
0.315682
0.838228
-0.427271
0.922278
0.825406
-0.403179
-0.809351
0.078820
-0.545850
-0.952790
0.806708
0.781323
0.976292
-0.774235
0.201805
-0.258216
-0.755993
-0.424824
-0.097748
-0.090861
0.479982
0.496716
0.570711
0.273351
-0.330247
-0.385515
-0.434119
-0.712132
0.669168
-0.386159
-0.711071
-0.015150
-0.547932
-0.138342
-0.092872
-0.722526
0.458479
0.097777
0.356294
0.912630
0.144987
0.163003
0.693952
0.121277
0.388767
-0.104244
0.863062
0.632774
0.470933
-0.234687
-0.458087
-0.049084
-0.737971
-0.887376
-0.775734
-0.068218
-0.272892
-0.209853
0.219649
-0.603723
0.403989
0.508578
0.381127
0.856057
-0.629763
-0.711744
-0.866469
0.828716
0.386032
0.489824
0.741346
-0.468981
-0.347173
0.435298
0.652297
-0.958406
-0.668946
0.515357
0.674367
0.801986
-0.719330
-0.783720
-0.247098
-0.457301
-0.671096
-0.022832
0.474481
0.056013
0.767316
-0.305870
0.452289
0.171303
-0.797292
-0.166584
0.027361
-0.427055
0.121673
0.160891
-0.598339
-0.492295
-0.349285
-0.856994
0.038724
0.303542
0.578303
-0.308980
0.345136
0.909356
-0.793622
0.019503
0.711343
-0.512952
0.235783
-0.535755
0.029746
0.564688
0.441413
-0.495773
-0.379300
0.208729
0.198357
-0.927011
-0.619968
0.401066
-0.093595
0.407393
0.974010
-0.971922
-0.431716
-0.624329
-0.464217
0.218999
-0.481323
0.574507
-0.477458
-0.903020
-0.734472
0.867678
-0.993663
-0.528094
-0.112819
0.717679
-0.041047
-0.877035
-0.818075
0.988700
0.687652
0.623337
-0.507073
-0.691648
-0.167934
0.691284
-0.618659
0.212099
0.092350
0.287747
-0.380509
0.066359
0.315824
0.187774
0.442030
0.851607
-0.593227
0.960707
0.426114
-0.070684
-0.942312
0.691643
-0.203007
-0.935975
-0.836452
0.684176
0.781706
0.122501
0.807139
0.963631
0.111202
0.494792
0.586968
0.604128
0.803145
-0.580966
0.295413
-0.815515
0.631132
-0.612239
0.472231
-0.749377
0.454120
-0.211945
0.438397
-0.103849
-0.360337
0.845171
-0.143141
-0.934222
-0.225513
-0.085452
0.757421
0.571481
-0.021427
0.920968
0.255655
-0.239722
0.043469
0.062795
-0.276091
-0.845329
-0.442413
-0.689123
0.758799
-0.639269
-0.270088
0.054212
-0.454784
-0.638956
0.441973
-0.982553
-0.388333
-0.103906
-0.194497
-0.949936
0.792245
0.445166
0.895236
-0.350895
0.510943
-0.330279
0.563652
0.268364
-0.758799
-0.457775
0.189331
0.496856
0.302503
-0.767199
-0.440349
-0.973587
-0.612528
0.117238
-0.662709
-0.853729
0.477968
0.067203
0.200482
-0.976816
0.428248
-0.357545
-0.959369
-0.960086
0.538548
-0.153866
-0.910022
0.330795
-0.708700
0.985213
0.979900
0.802243
-0.345065
0.543552
0.070607
-0.103864
-0.914223
-0.740061
-0.607008
0.388281
-0.507260
-0.047357
0.414694
-0.119787
-0.930119
0.751985
0.026483
0.547849
-0.180812
-0.773035
0.571033
-0.752566
-0.130580
0.611664
-0.712652
-0.592031
-0.542201
-0.622673
0.738763
-0.250902
-0.637460
0.718662
-0.448657
0.017475
0.262214
0.621950
0.913611
0.347991
0.881889
-0.693396
-0.263728
-0.625370
0.259246
-0.849034
0.254843
0.329127
0.902952
-0.718675
-0.123023
-0.277861
-0.491710
-0.551990
-0.030426
0.377711
-0.940325
0.256921
0.785678
-0.482526
0.634249
0.524442
0.266572
0.996789
0.243104
0.817915
0.014264
-0.494683
0.439865
-0.072125
0.853308
0.321755
0.234478
-0.410420
0.696384
-0.506275
-0.259454
-0.048773
0.822852
-0.356503
0.232552
-0.300171
0.365636
0.740842
0.147839
-0.664791
0.118552
0.207513
0.592131
-0.095768
0.724986
0.226379
-0.571327
-0.008441
0.223168
0.671777
-0.190527
-0.762568
-0.822906
-0.750662
0.165308
-0.969598
0.571092
-0.600214
-0.380018
0.267477
-0.106489
0.360528
-0.781297
-0.283637
-0.995975
0.451256
0.416191
0.369661
0.192098
-0.435969
0.704871
-0.689349
0.771543
0.297002
0.214882
0.496530
-0.476619
0.643554
-0.511911
0.746550
0.315331
0.297562
0.983982
0.492425
0.546900
0.149290
0.522827
0.117992
0.549075
-0.857191
-0.614532
-0.557413
0.503337
-0.395828
0.158950
0.507362
-0.944573
-0.424859
-0.122977
0.247526
0.139171
-0.418106
0.558176
-0.089285
0.878896
-0.226942
-0.592754
-0.597723
-0.583388
-0.104665
-0.851173
0.731943
-0.807103
-0.867191
0.224370
0.739797
0.282100
-0.252804
-0.142212
-0.168825
-0.109995
0.243257
0.273761
-0.606658
0.847428
-0.567289
0.900704
0.902855
0.007852
-0.222274
0.150380
-0.852976
0.359620
-0.291444
0.057739
0.238515
0.481614
0.464984
0.640792
0.898227
-0.639681
0.789618
0.630170
-0.446784
0.922428
-0.145461
-0.706988
0.204527
0.601736
0.150800
-0.964298
-0.508259
-0.605943
0.309463
-0.114918
-0.758516
0.742175
-0.214215
-0.855661
-0.249974
0.563511
0.294718
-0.102950
-0.076869
-0.996726
0.954789
-0.838354
0.484888
0.419773
0.802438
0.383114
0.780092
0.592056
0.013285
-0.666692
0.514483
0.867824
-0.373680
-0.280990
0.469559
0.777120
-0.245288
0.961299
-0.828823
-0.935825
-0.153617
-0.587339
0.806350
0.632168
-0.443000
-0.443624
0.195679
0.851719
0.453425
-0.881190
0.854993
0.408214
-0.719544
0.339880
-0.172012
-0.917107
-0.277005
-0.391919
0.674948
0.736279
-0.058611
0.189431
0.604102
0.567709
0.908442
0.073662
0.344829
-0.336846
0.034962
0.516006
-0.272671
0.881345
0.928667
-0.466322
0.513513
-0.514333
0.090054
-0.290809
-0.662615
-0.456520
-0.171999
-0.807622
0.951695
0.108457
0.532259
-0.220318
0.191350
-0.744747
0.387763
-0.133702
0.991532
-0.670849
-0.944270
0.595636
0.896861
0.964171
-0.330703
0.241690
-0.372675
0.704260
-0.242305
0.354654
0.585605
-0.313638
0.888333
0.099117
0.172029
-0.021613
0.808309
0.509414
0.521867
-0.363690
0.701791
0.473561
0.744767
0.234050
-0.746757
-0.063884
0.489303
0.641006
0.802415
0.480835
0.970157
0.858144
0.076471
0.867017
0.822316
0.745769
0.108707
-0.550359
0.450028
0.866401
0.804295
0.035633
-0.447236
0.692628
-0.865250
0.724792
-0.328984
0.943058
0.234205
-0.807117
-0.420632
-0.064003
0.666444
-0.675865
-0.829953
0.919687
0.260251
0.659350
0.560693
0.062666
0.140186
0.530850
-0.079190
-0.783343
0.397867
-0.256874
0.962425
-0.493427
0.192766
0.412453
-0.627026
-0.002937
-0.551913
-0.074263
-0.310309
-0.417164
-0.349470
0.360707
-0.474105
0.884735
0.553588
0.105263
-0.179267
0.220032
0.429398
-0.009221
0.139720
-0.310350
-0.349871
-0.299587
0.752316
0.790314
-0.768738
-0.326874
-0.993028
0.629128
0.416252
0.969397
-0.864298
-0.390982
0.381850
-0.491324
0.606081
0.829936
0.434414
-0.704229
-0.587227
-0.915056
0.656477
-0.061331
0.969678
0.210066
-0.956068
-0.209589
-0.569901
0.473330
0.781191
0.569819
-0.837020
-0.568680
-0.729769
0.915296
-0.778365
-0.498507
-0.411578
-0.771393
-0.869378
-0.995327
-0.801997
-0.733676
-0.386308
0.579854
-0.225000
-0.780228
0.409791
-0.790585
-0.484457
0.822564
-0.705642
-0.827979
-0.238769
-0.735963
0.382088
-0.194836
0.054449
0.812187
-0.721507
-0.164360
0.382005
-0.558527
0.266960
0.652235
-0.643231
0.488594
-0.846271
-0.054810
0.717202
-0.715649
-0.050135
0.915204
-0.449325
0.563557
0.495058
0.325676
0.783328
-0.095152
0.535090
-0.701129
-0.272589
0.829450
-0.529108
0.488642
-0.906514
0.852980
-0.706194
0.147934
0.665165
-0.427701
0.983574
0.047170
0.013772
0.250533
-0.300595
0.370542
-0.260872
-0.146867
-0.684268
-0.543670
0.137484
0.265596
-0.628466
0.688160
-0.170847
0.866592
0.013835
-0.387519
-0.228561
-0.451074
-0.088648
0.498850
-0.621625
0.382244
-0.012508
-0.528139
0.235224
0.281297
0.619796
-0.099611
0.853597
0.603369
0.947558
-0.132631
-0.146096
-0.353037
-0.762089
0.593032
0.500096
-0.446357
-0.950639
-0.362420
0.819239
-0.579105
-0.674261
-0.351608
-0.712513
0.339575
0.260873
0.058926
0.888501
-0.827775
-0.442225
-0.733126
0.554469
0.545268
-0.261265
-0.210307
-0.173435
-0.641470
0.690082
-0.319838
0.961900
0.637640
0.547532
-0.184197
-0.715398
0.785442
-0.591165
0.784698
-0.660915
-0.541803
-0.577722
-0.841675
-0.120908
-0.251982
-0.193283
0.166579
-0.912408
-0.932410
-0.774495
0.976092
-0.760185
-0.216720
-0.757033
0.794284
-0.671453
-0.018298
-0.416022
0.155113
0.340233
-0.725941
0.835275
0.302132
0.911699
0.382807
-0.882065
-0.803699
0.168248
-0.473230
0.980999
0.507333
-0.015033
-0.596722
0.665658
0.864059
0.151296
-0.527624
0.030638
0.238888
-0.460034
0.256142
0.214979
-0.220219
-0.960578
0.457947
-0.425934
-0.632031
-0.560352
0.158044
0.523082
0.779880
0.432103
0.358356
0.082013
0.343802
-0.258837
0.199948
0.540103
0.909412
0.726717
0.521102
0.416744
-0.288315
0.924381
0.082403
-0.424256
0.075676
0.554779
0.606382
-0.685437
-0.905256
-0.137476
0.529543
-0.125474
-0.098054
-0.012510
0.448592
0.269915
0.427138
-0.393365
-0.207002
0.207020
-0.961262
-0.848646
-0.710968
0.382540
-0.107483
0.488980
-0.077357
-0.198072
0.215698
-0.556254
-0.781328
0.927383
-0.631874
0.301075
-0.496873
0.443801
-0.144146
-0.890491
0.758365
-0.049402
-0.027967
0.287908
0.825123
0.873979
-0.724602
0.273715
0.143895
0.702536
0.880350
0.936893
-0.090444
0.919088
-0.911753
0.198588
0.301629
-0.019236
-0.312433
-0.775728
0.782691
0.903266
-0.331983
-0.998636
0.830648
0.036143
0.302438
-0.666226
-0.520056
-0.841708
-0.556717
-0.761691
0.108890
0.415316
0.526217
-0.065987
0.289295
0.801614
-0.792272
-0.566810
0.504152
-0.911922
-0.629918
-0.586292
-0.992833
-0.541672
0.612296
0.308795
0.439092
-0.700138
0.533067
0.221783
-0.796873
-0.798916
0.223147
-0.966225
0.237226
-0.474415
-0.632451
0.717171
-0.316123
-0.189168
0.955479
0.792767
-0.773851
0.481696
-0.273220
0.515444
0.283312
-0.065493
0.948633
-0.212537
0.022585
-0.681285
0.201171
0.029752
-0.222956
-0.186534
-0.661452
-0.783865
0.113329
0.871614
0.437918
0.316456
-0.927302
-0.338935
0.350232
0.309924
0.186651
0.717781
0.027095
0.870527
-0.471387
-0.017426
0.663294
-0.245238
-0.535730
-0.609926
-0.729794
0.747582
0.324582
-0.781160
-0.464955
-0.652832
-0.462445
0.736216
0.376920
0.314598
-0.450317
0.715467
0.530734
0.663012
0.587081
-0.031348
-0.020532
0.659779
0.629718
-0.670301
-0.030296
-0.183632
-0.952520
0.996799
-0.313104
-0.423907
-0.020628
-0.649809
0.330856
0.443642
-0.259735
0.601062
0.191224
-0.935153
0.819901
0.726269
-0.587986
-0.642544
0.462484
0.788934
0.672055
-0.987833
0.504402
0.202789
0.675179
0.091483
-0.828559
-0.345353
-0.248738
0.801159
-0.015654
0.720965
-0.382473
0.031826
0.717764
0.304423
0.607920
-0.302865
0.654615
-0.061225
-0.859224
-0.605121
-0.460164
0.331999
-0.540274
-0.640263
0.058268
-0.128260
-0.282807
-0.479248
-0.339325
-0.610752
-0.467081
-0.834924
0.592037
-0.791902
0.256558
0.763478
-0.137256
-0.992180
0.564638
0.847090
0.728786
-0.817835
-0.121084
0.446548
0.486589
-0.513165
-0.856318
0.141202
0.425609
-0.715542
0.536082
0.965446
0.616458
0.995808
-0.674817
-0.325275
-0.132451
0.042376
0.195477
0.528222
0.431625
0.728395
0.693298
0.023662
0.936494
-0.050143
-0.212860
-0.200762
-0.042323
-0.648223
-0.353672
-0.313538
-0.466058
0.525244
-0.866990
-0.979469
-0.987920
-0.723308
0.161733
0.437689
-0.438850
-0.302185
0.403135
-0.822393
-0.306377
0.728319
-0.147668
0.561171
-0.229305
-0.952191
0.089395
-0.797681
0.776203
-0.217307
0.225981
0.712698
0.732550
-0.986879
-0.488065
-0.309772
-0.635101
0.158264
0.376689
-0.101159
-0.316492
0.509699
-0.080628
-0.304413
0.786391
-0.918895
-0.866723
-0.652459
-0.221080
0.536411
-0.474852
0.472544
0.264729
0.377479
0.033715
-0.964576
0.425288
-0.876891
-0.762256
0.201492
-0.094197
0.463724
-0.085810
-0.361648
0.476847
0.426125
0.328579
0.841744
-0.415611
-0.294731
-0.259413
0.267896
-0.785032
0.659958
0.963483
-0.998641
0.741064
-0.903239
-0.651100
-0.480017
0.633172
-0.125953
0.992526
-0.102098
-0.748474
0.026242
-0.066673
0.676813
0.149351
0.171070
-0.121694
-0.944846
-0.365204
0.792496
-0.306494
-0.888358
0.218621
-0.977914
0.953388
0.803009
-0.272644
-0.306027
0.070907
-0.057677
-0.646068
0.034391
-0.056317
-0.905005
0.131153
0.292583
-0.385022
-0.235675
-0.833371
-0.392495
0.662229
-0.581844
0.633747
-0.404445
-0.905030
-0.216902
0.766625
-0.026724
-0.161748
-0.598578
-0.234227
0.531758
-0.486936
0.984393
0.553844
-0.533549
0.787404
-0.718801
0.160425
-0.141689
0.223523
0.514356
0.892703
-0.832794
0.609351
0.023855
0.459788
-0.775671
0.788180
0.626418
-0.168166
0.450408
-0.955427
-0.534419
-0.954037
-0.860457
0.248679
0.812589
0.112819
-0.913069
-0.785989
0.878591
0.618688
-0.272925
0.862985
0.172533
0.193525
0.650389
0.453732
-0.646050
-0.491299
-0.322745
0.868306
-0.598596
-0.155539
0.477658
0.425258
-0.695751
0.701987
0.213440
0.930666
-0.466180
-0.336152
0.975239
-0.000599
-0.290188
-0.885218
-0.751919
-0.477600
0.227601
-0.664989
-0.263588
0.106193
0.953700
0.463486
-0.030822
0.126233
-0.342989
-0.380431
-0.420036
0.010962
0.128270
0.257219
-0.120731
0.529673
-0.898321
-0.643074
-0.045069
-0.594072
-0.941088
-0.831629
-0.663406
-0.407267
-0.167781
-0.688166
0.592134
0.542031
-0.573384
0.840215
-0.935569
0.654218
-0.824774
-0.199157
-0.239589
-0.871075
-0.735672
0.729590
0.255158
-0.078660
-0.650843
0.835121
0.932302
0.477427
0.092340
-0.188429
0.007100
0.194019
0.168496
0.962031
0.599946
0.227409
-0.869597
0.936541
0.820141
-0.037378
-0.751625
0.412275
-0.495348
-0.325010
0.252490
-0.430917
-0.670792
0.427715
0.369925
0.089618
0.556641
0.634254
-0.180792
-0.188202
-0.444406
0.168365
-0.353080
-0.512104
-0.354209
0.739259
0.299466
0.652892
-0.066721
-0.532038
0.614923
-0.466774
0.695370
0.745326
-0.530233
0.515512
-0.292053
-0.281858
-0.072214
0.212599
0.393132
-0.819724
0.781683
0.722341
0.607992
0.151608
-0.188041
0.164632
-0.214138
0.631166
0.976430
0.341455
-0.200470
-0.376649
0.829351
0.445322
-0.637389
0.128818
0.098214
0.295889
0.596780
-0.286864
0.829115
0.292151
-0.541538
-0.701118
-0.192338
0.166409
0.017024
0.735449
-0.620991
-0.589843
0.915725
-0.839308
-0.867503
0.523718
0.312300
-0.055545
-0.311651
-0.901838
-0.424379
-0.335220
0.439617
0.375152
0.288131
0.268970
-0.179527
0.650741
-0.602213
0.918687
-0.053369
0.994567
-0.368176
-0.224254
0.286717
0.090286
0.074629
-0.905620
-0.743304
-0.908347
0.829828
-0.364295
-0.498190
0.745554
-0.203603
-0.365693
0.269270
-0.891303
0.578762
0.957619
-0.793141
-0.845617
-0.377599
0.646476
0.529534
0.910531
-0.084555
-0.649992
0.561274
0.313232
-0.731305
-0.492096
0.307798
-0.099481
0.283651
-0.405484
0.990805
-0.641720
-0.311104
-0.752500
-0.550067
-0.481275
-0.116795
-0.048257
-0.735722
0.679603
0.586051
0.533550
0.788300
0.164813
0.491169
0.995158
0.319196
-0.886430
0.641634
-0.151270
-0.975898
-0.442921
0.198738
0.585375
0.870312
0.467434
-0.906721
0.178110
-0.632048
0.376930
0.772626
-0.641243
0.735210
-0.538477
-0.393742
-0.814857
-0.019752
0.489464
0.136886
0.244527
0.169066
-0.277064
-0.221925
-0.042635
0.887749
-0.730756
-0.047478
0.206944
-0.617186
-0.405844
-0.944326
-0.593084
0.151235
0.254412
0.992291
0.021546
-0.278155
-0.914430
-0.800343
0.089798
0.462500
0.972284
0.448555
0.197710
-0.566194
-0.945187
0.382852
0.414055
0.544276
-0.480262
-0.341420
-0.286658
0.242674
0.436656
0.670706
0.130422
0.705901
-0.376771
-0.662634
-0.911285
0.217385
-0.606960
-0.504369
-0.631380
0.647453
-0.512078
0.390167
-0.630703
-0.426508
0.589824
0.459095
-0.964008
0.562108
-0.092350
0.233702
0.995914
-0.037537
-0.383446
0.409968
-0.493261
0.136292
-0.931451
0.220081
-0.621034
0.505204
-0.109213
0.509389
0.211104
0.514015
0.846755
0.299819
-0.268599
-0.760205
0.795449
0.100022
0.887247
-0.716628
-0.509811
-0.743456
-0.143136
-0.919987
0.715638
-0.107144
0.642120
-0.376712
-0.873442
0.638033
0.585751
-0.256887
0.048002
-0.907510
0.879405
0.116551
0.312570
-0.741629
-0.378245
-0.796643
0.767760
0.832859
0.717374
0.614516
0.132678
-0.551226
0.854311
-0.071872
0.548795
0.741558
0.211500
-0.961016
0.998101
-0.931636
-0.881003
0.713740
-0.038780
0.761117
-0.662972
0.087778
0.399150
0.922780
0.830890
-0.552848
-0.984730
0.710296
0.563702
0.327839
0.968666
-0.814543
0.531198
0.736426
-0.981683
0.248570
0.350942
0.150994
0.697345
0.205251
-0.920877
0.246139
-0.053191
0.290622
0.285124
-0.055089
0.358986
0.404121
-0.341349
-0.679794
0.165238
-0.004321
0.407983
-0.435612
-0.081542
0.238874
0.011540
-0.066272
-0.050831
-0.424758
-0.738432
-0.082165
-0.239300
0.792765
-0.345738
-0.220983
0.041336
-0.994797
0.930012
-0.261320
0.210455
-0.990866
0.984820
-0.842736
0.299756
0.269943
0.102175
-0.341258
-0.325936
0.760825
-0.021052
0.839302
-0.243496
-0.613069
-0.596310
0.674963
0.625805
0.415230
-0.391309
-0.425026
0.990473
-0.129740
0.492810
-0.248828
-0.336975
-0.852929
0.530189
0.704361
-0.847726
0.460200
-0.556959
0.362729
0.469334
-0.572140
0.519994
-0.230910
0.697803
-0.377832
0.427832
-0.628132
-0.617007
-0.593221
-0.788830
0.139496
-0.206290
-0.385140
-0.185541
-0.580485
-0.969911
0.423151
-0.005511
-0.979439
-0.706591
-0.512701
-0.228266
-0.043565
-0.365630
-0.698077
-0.339205
-0.213356
0.762123
0.103836
-0.850627
0.231456
0.531695
0.669365
-0.999454
0.229500
-0.708467
0.428377
0.601368
-0.325475
0.835157
0.812538
0.814021
-0.371133
-0.572603
-0.371519
0.048382
-0.542513
-0.948369
-0.957128
-0.521952
-0.654960
-0.469830
0.249782
0.301475
0.164540
0.551705
0.962268
0.951184
0.313827
0.066104
-0.899444
-0.454717
-0.402200
0.769921
-0.454171
0.827299
-0.938545
0.974206
0.428666
-0.264020
0.809364
0.241204
-0.449998
-0.561770
0.668602
0.178483
0.486613
-0.873911
0.230113
0.529484
-0.395863
0.575154
-0.940346
0.853918
-0.123371
0.224195
0.405622
-0.161103
0.175378
-0.280550
0.905002
0.275935
0.264733
-0.497199
0.045857
0.810562
-0.669899
0.107312
0.784768
0.758767
0.843292
0.594132
-0.000028
-0.606706
-0.967639
-0.331426
0.571776
0.518973
-0.205338
-0.198110
0.048457
0.398799
-0.622956
0.108111
0.252717
0.253672
-0.667695
-0.341659
-0.907430
0.507683
0.377791
0.997571
-0.216382
-0.357477
-0.499627
0.829475
-0.546916
-0.169526
-0.063214
-0.762148
-0.410758
-0.219922
0.831983
0.589213
0.173371
0.864344
-0.742213
-0.254852
0.383317
0.052449
0.547038
-0.568226
-0.548751
0.924082
0.539886
0.703965
0.177754
0.872191
-0.637693
0.270323
0.379874
0.740098
0.267895
-0.836508
-0.617380
0.768269
0.992966
-0.164295
-0.401258
-0.070248
0.073557
0.187985
0.709829
-0.094460
-0.222802
-0.116799
-0.230116
0.034985
0.628348
-0.846799
-0.912565
0.175386
-0.415025
-0.461316
0.099467
-0.875139
-0.757350
-0.722779
0.997052
-0.395043
0.547544
0.376926
-0.654946
-0.184560
0.540417
-0.272326
-0.416292
0.533383
0.563378
0.182451
-0.536865
-0.363064
-0.629565
-0.827035
0.542475
0.147633
0.056165
-0.687641
-0.817382
-0.315487
-0.534440
-0.729946
0.859899
0.050536
-0.191262
-0.040635
0.175396
0.051388
0.236586
0.172447
0.656345
-0.215870
-0.450627
-0.998601
0.599571
-0.910210
-0.270927
-0.816721
0.623173
-0.707548
0.365729
-0.913692
-0.070612
0.736164
-0.740727
-0.528137
-0.116203
0.315437
-0.215778
0.066416
0.999950
0.249783
0.336469
0.859849
-0.699682
-0.854794
-0.180786
0.475714
0.196594
-0.944200
-0.351837
-0.147061
-0.160068
0.197535
-0.145662
-0.560498
0.287325
0.583411
-0.377220
-0.089502
0.875864
0.988509
-0.003194
-0.194749
0.724674
0.256079
0.277114
-0.391529
-0.428482
-0.938664
0.674886
-0.428531
0.311119
0.011355
-0.568683
0.611437
0.156562
0.250532
0.087153
-0.646844
0.306332
0.735315
0.206094
-0.853737
-0.067149
-0.939567
-0.414235
-0.779824
0.643844
0.208545
0.130674
0.519706
0.197055
-0.872519
-0.675042
-0.078272
0.383560
0.602073
0.530200
0.955078
0.663409
0.205085
-0.473454
-0.025473
-0.783559
-0.042136
-0.414035
0.373003
-0.791605
0.673118
0.726158
0.514727
0.408432
-0.067747
0.660991
-0.658717
-0.007314
-0.753245
-0.438541
-0.363470
0.455300
0.692134
-0.843763
-0.347645
0.819614
-0.518805
0.574083
0.203173
-0.916733
0.104284
0.158251
0.746675
-0.690631
0.684797
-0.278796
-0.474190
-0.357340
0.307168
0.898813
-0.148944
-0.019714
0.624971
-0.634218
-0.611281
-0.442774
-0.973227
-0.269998
0.549912
-0.726472
0.291461
-0.813558
0.728829
-0.016406
-0.657322
-0.618816
-0.196792
-0.176127
0.955268
-0.993619
-0.092859
0.059552
0.164632
-0.346184
0.368921
-0.150571
0.375020
0.894732
0.492091
-0.317813
0.793545
-0.656855
0.662475
0.418517
-0.291072
-0.948807
0.975742
-0.264299
-0.218805
0.525654
0.009229
-0.927344
0.712096
-0.261943
0.056250
-0.945226
0.119243
0.859458
-0.121353
0.074510
0.865838
0.785789
-0.865937
0.030471
-0.560396
0.502985
0.879899
0.814624
0.397716
0.371990
-0.503189
0.191261
0.715136
-0.840715
-0.390222
-0.575937
-0.789522
-0.414481
0.159764
-0.008328
-0.888826
-0.831008
0.064329
0.823269
-0.092950
-0.879421
0.878045
-0.973708
0.980036
-0.243309
0.100803
0.845875
-0.457520
0.234866
-0.123654
-0.017916
-0.262149
-0.243754
-0.203293
-0.864434
-0.871764
0.293519
0.326827
0.843371
0.452804
0.936604
-0.732566
0.663281
-0.477876
0.427198
-0.345046
-0.366702
0.596189
0.719283
-0.543432
-0.496760
0.839861
-0.665388
-0.470468
0.819897
0.091304
0.630334
0.665773
0.633783
-0.134799
-0.457882
-0.384133
0.603050
0.298364
0.412575
0.738617
0.426600
-0.293907
0.065445
0.269971
-0.841103
0.002048
0.537405
0.822177
0.524173
-0.035396
-0.522868
-0.842529
-0.439207
-0.803586
-0.385961
0.064034
-0.963725
-0.051349
0.593564
0.856172
-0.960045
0.223900
0.521945
0.673738
-0.910900
-0.935937
-0.710395
0.692150
0.362426
0.702179
0.430768
-0.210973
-0.591728
-0.503788
-0.941002
-0.432831
0.498261
0.596403
-0.610653
0.022434
-0.438993
-0.133521
0.179905
0.121801
0.062893
0.793945
-0.814166
0.099169
-0.257405
0.779398
-0.044659
-0.217449
0.003299
-0.522714
-0.543712
0.092398
-0.458651
-0.254107
-0.215451
0.903776
-0.551927
-0.784684
-0.307198
-0.143655
-0.288472
-0.248200
0.423514
-0.790211
-0.651796
0.812861
0.232222
-0.090790
-0.320660
-0.587872
-0.968989
0.742234
-0.793928
-0.783155
-0.158599
-0.051332
0.996244
0.796742
0.731218
-0.000458
-0.725972
-0.812494
-0.908060
-0.184624
-0.066600
-0.123511
-0.280848
0.381471
0.091806
0.411953
-0.762183
0.803334
-0.836246
0.661331
-0.986877
-0.488043
0.474192
0.245346
0.421168
-0.846467
0.657473
0.452179
0.895766
0.863544
0.669024
-0.262832
-0.187788
0.665268
-0.466090
-0.456570
-0.335190
-0.192063
-0.269064
-0.243250
0.623313
0.664336
0.633239
-0.657535
0.045808
-0.274954
0.754418
0.283625
-0.471621
0.918173
-0.055044
-0.458498
-0.569870
-0.580851
0.786846
0.851298
-0.427319
0.444319
0.303477
-0.531553
0.307865
-0.027500
0.205615
-0.879923
-0.362231
0.739525
-0.336492
0.302579
-0.452538
0.394443
-0.940671
-0.829225
0.058780
0.692568
-0.486760
-0.895412
-0.582385
-0.732341
0.388213
-0.054006
-0.814169
-0.666831
0.487496
-0.384039
-0.247682
0.274342
-0.532742
0.325000
-0.281337
0.770736
0.793446
-0.973473
-0.256764
-0.000938
-0.853396
0.381005
-0.261414
-0.189888
-0.316417
0.286048
-0.795444
-0.257087
0.456823
0.263335
-0.564518
0.970062
0.367923
-0.146904
-0.762278
-0.243865
0.799090
-0.576447
0.089304
0.286586
0.039514
0.841623
-0.439071
0.506773
0.166622
0.279592
0.277508
-0.039932
0.306119
-0.979257
0.959129
0.452724
0.401748
-0.302284
-0.737165
-0.914669
0.983762
-0.532609
-0.171756
0.440586
0.730726
0.263726
0.410649
0.098649
-0.883177
0.648370
0.854784
0.915913
-0.928076
-0.055911
0.202499
0.111439
-0.214289
0.763427
-0.381789
0.952333
0.043020
0.895719
-0.087599
-0.650862
0.916463
-0.128470
0.801861
0.318209
0.569246
-0.935304
0.403541
0.553009
-0.467913
-0.768215
-0.006406
-0.737187
0.495511
-0.595757
0.361462
0.612333
-0.947386
0.216247
0.528247
-0.875461
-0.839664
-0.269254
0.235978
-0.053953
-0.505827
0.854189
-0.101620
0.537193
0.749906
0.810781
0.886332
0.666369
-0.317689
0.688192
-0.015422
-0.748444
0.752889
-0.611880
0.804564
-0.715024
-0.380095
-0.201842
-0.452211
-0.884584
0.202401
0.909251
0.727749
0.255015
0.125498
0.255995
0.379554
0.285834
0.986742
-0.384470
-0.768119
-0.519085
-0.530281
0.130262
-0.981892
-0.780374
-0.058957
0.904438
0.885994
0.623354
0.592631
-0.129427
0.874909
0.345519
0.258693
0.679475
0.630496
0.878597
-0.522368
-0.821716
0.994013
0.680033
-0.912465
0.721762
-0.064952
0.213033
-0.022243
-0.685399
-0.501134
-0.035501
-0.069868
-0.269252
0.445413
0.399850
0.861010
0.463521
0.619477
-0.197947
0.367959
0.505470
-0.574593
-0.039409
-0.623956
-0.699683
-0.693889
0.634737
0.979791
0.936606
0.513334
-0.542577
-0.885109
0.507347
-0.862544
-0.797574
0.229109
0.072504
0.415459
-0.793133
0.387105
0.914325
0.171366
-0.682763
-0.354926
-0.383221
0.717087
-0.493916
-0.919699
0.336564
0.308137
0.448260
-0.157966
0.733543
-0.591148
0.218078
-0.966140
-0.285037
-0.147185
-0.986349
-0.348431
-0.633851
-0.528926
-0.233540
0.873496
-0.391470
-0.031114
0.102605
0.681034
-0.615655
0.309471
0.068138
-0.701329
-0.519163
0.385375
-0.056255
0.097617
0.102462
0.449828
0.177918
-0.560974
-0.242034
-0.373822
0.281060
-0.508491
0.035030
-0.500862
-0.474631
0.749992
0.351953
-0.460980
-0.598439
0.718102
0.010095
0.168021
0.591597
0.618624
-0.863092
-0.305798
0.299658
-0.478747
-0.996326
-0.632204
-0.180075
-0.515489
0.753171
0.763671
0.582127
-0.144366
0.213499
-0.239955
0.294660
0.971466
0.386222
-0.424279
-0.537026
-0.578747
0.074859
-0.011656
-0.828755
-0.573188
0.527364
-0.427194
-0.855086
-0.462542
0.740829
0.736511
-0.843917
0.877737
-0.569286
0.455740
-0.601010
-0.565613
0.823535
0.218914
-0.081103
0.576708
-0.017416
-0.498975
-0.567659
-0.803918
0.261070
0.727001
-0.832453
-0.352708
-0.697278
-0.369479
0.068544
0.377581
0.618865
0.239789
0.804393
0.146229
0.812596
0.949307
0.683687
0.553423
0.685818
0.839769
0.431160
-0.883468
0.295510
0.830149
-0.449081
0.119046
0.049063
0.469817
-0.304246
-0.968353
0.970843
0.128095
-0.772270
0.231912
-0.144903
-0.604723
0.879204
0.157818
0.025797
-0.052252
-0.464600
-0.355338
-0.812463
-0.660208
0.790891
-0.999867
-0.710901
0.474577
0.553556
0.974919
0.314346
-0.015285
-0.908550
-0.390144
-0.185135
-0.357631
0.728901
0.863928
-0.887813
-0.575344
0.895575
-0.916971
0.552751
-0.876696
0.314940
-0.592152
-0.481419
0.194145
0.565666
0.544379
-0.858108
-0.898935
-0.810959
-0.670570
-0.559142
0.979931
-0.670438
-0.270042
0.454509
0.883119
-0.295124
-0.231145
-0.132166
-0.203674
0.378711
0.682699
0.438696
0.107614
0.546627
0.550883
0.532270
0.442201
0.633910
0.085020
0.565506
-0.051148
0.492868
-0.915913
-0.857004
0.058533
0.628466
-0.715111
0.159599
0.817506
-0.385682
0.600457
0.797438
-0.056120
-0.669586
0.251947
-0.173001
0.035290
-0.979198
0.694833
0.831615
0.399513
0.377532
0.270310
-0.492873
-0.075842
-0.178808
-0.960604
-0.633641
-0.544896
0.124416
0.931866
0.403955
-0.382716
-0.984048
0.546951
0.675818
0.644417
0.831840
-0.164583
0.461925
-0.553841
-0.564127
0.259363
0.390040
-0.233713
-0.488691
-0.782961
0.801577
-0.467889
0.911873
0.633192
0.931624
0.289404
-0.096498
-0.561249
-0.786438
0.724695
-0.521853
-0.420079
-0.820202
0.602563
-0.488214
0.583754
-0.780153
-0.472261
0.130705
0.895664
-0.827844
-0.037454
-0.268919
0.634080
0.408705
0.166954
-0.106556
-0.201255
0.933242
0.404753
0.015783
0.734817
0.936864
-0.072344
0.368009
0.868489
-0.782941
-0.728489
-0.692760
-0.569379
0.996206
-0.214612
0.010542
-0.823997
-0.612049
0.522329
0.759758
-0.392201
-0.949932
-0.109538
-0.496537
-0.777776
0.853008
0.234545
0.856305
0.261713
-0.598502
-0.250251
-0.939542
-0.665261
-0.845498
0.076241
-0.930443
-0.908634
-0.996103
0.437566
0.959856
-0.779044
0.709077
-0.732904
-0.348422
0.705283
0.052483
0.662120
0.881285
0.440434
0.184450
0.641043
-0.951768
0.234517
-0.468495
-0.448304
0.456742
-0.615487
0.786239
0.313047
0.646226
-0.812262
-0.937205
0.706684
-0.477523
-0.782703
-0.217075
-0.407966
-0.691336
-0.213178
-0.970399
-0.731481
0.007778
0.738678
-0.464385
0.659355
0.443960
0.588098
0.321476
0.325246
0.028532
-0.494074
-0.033711
0.076764
0.740442
0.497794
0.628459
0.197184
0.882307
0.414700
-0.489770
0.528533
0.602436
-0.426974
0.235216
-0.875086
-0.209677
-0.981859
-0.283051
0.098986
-0.195037
-0.253450
0.367505
0.812741
-0.514773
0.903121
0.472097
0.929188
0.491218
-0.206427
0.254434
-0.480250
0.299498
-0.779278
0.596515
0.039941
0.718514
0.224975
-0.762875
0.600822
-0.360327
-0.252646
0.129354
-0.757890
0.320379
-0.635429
-0.632975
-0.889297
-0.617288
0.083973
0.209689
0.187674
0.830524
-0.422805
0.000416
-0.684249
-0.519684
-0.527487
-0.755062
0.971535
0.266086
0.499372
-0.508715
-0.434416
0.720093
-0.912200
0.605526
0.438608
0.312774
