0.842650
0.952447
-0.831215
0.910385
-0.438418
-0.083933
0.230777
0.476079
0.104158
-0.711711
-0.963232
-0.157242
-0.248891
0.256233
0.013868
-0.848318
0.734272
0.446523
-0.701314
-0.563588
0.377995
-0.494176
0.456221
-0.583255
0.773732
-0.862949
-0.035143
0.346639
-0.611849
-0.445126
0.297714
-0.741464
-0.189315
-0.064958
0.061966
0.969639
-0.276067
0.048734
-0.542634
-0.259467
-0.829487
-0.958402
0.857393
-0.148665
0.991109
0.647562
-0.887235
-0.679192
0.611156
-0.967179
-0.372697
0.113084
-0.522077
0.531390
0.627296
0.166387
0.149507
-0.066821
-0.403779
0.252443
0.190723
0.876152
-0.193897
-0.773062
0.452809
0.090381
-0.737781
0.431348
-0.634717
0.675431
0.234660
0.790388
-0.950199
0.391067
-0.491919
0.233352
0.543516
0.002292
0.306462
-0.233123
0.488989
-0.160617
-0.939277
-0.508651
0.233468
-0.581415
0.008597
-0.147704
-0.067460
0.704420
-0.113127
0.139425
-0.952725
-0.219993
0.370948
-0.886991
0.404143
-0.388856
0.223123
0.890871
0.269272
-0.075281
-0.481571
0.336267
-0.979622
-0.108411
0.978460
0.337640
-0.827268
0.379473
0.664532
-0.596384
-0.555126
-0.466460
-0.882748
-0.875412
-0.266132
0.664393
-0.173678
-0.296735
-0.958653
0.753951
0.625869
-0.954458
0.209239
0.342281
-0.082503
0.942445
-0.239343
0.030369
-0.099604
-0.735567
-0.795735
-0.113440
-0.070515
0.877287
0.184680
-0.009361
-0.277170
-0.390850
-0.538804
-0.194161
0.697328
-0.258935
0.224269
0.335893
-0.073609
0.758928
0.529151
-0.838757
-0.764686
0.429469
0.669769
-0.769457
0.456289
-0.675333
-0.208875
0.296178
0.878790
-0.053562
0.808677
0.227724
0.882657
0.865725
0.632141
0.870445
-0.934502
0.287448
0.720021
-0.872135
-0.642316
0.093794
0.583038
0.637262
-0.572784
-0.435112
-0.133970
-0.029038
-0.220736
-0.839504
-0.136345
-0.721141
0.330853
-0.335581
0.084298
-0.772816
0.244816
-0.409210
0.710950
-0.710316
-0.188249
-0.625940
-0.352817
-0.573531
-0.818292
0.837851
-0.382095
0.974515
0.683017
-0.000368
0.431219
-0.790703
-0.452207
0.503890
0.028139
-0.603090
-0.351855
0.517672
-0.884009
-0.278225
-0.468895
0.343062
-0.323663
0.097768
0.956512
0.126668
0.324215
-0.936234
-0.863948
-0.869247
0.361230
0.004081
0.298632
0.304704
-0.534106
0.712323
-0.413893
-0.853991
-0.627038
0.621797
0.341177
0.717205
-0.915570
-0.462599
0.348628
0.384674
0.195816
-0.280766
-0.089492
0.909072
-0.949582
-0.626598
-0.323220
0.898968
0.763189
0.379216
-0.730770
0.769758
-0.122607
-0.425857
-0.024688
-0.064121
-0.652428
-0.334424
0.679051
-0.365517
-0.803957
-0.634006
0.527297
0.922565
0.785727
-0.605149
-0.601797
-0.591382
-0.528233
0.501616
-0.058421
0.618206
-0.907392
-0.452768
-0.141570
0.501128
-0.810400
0.927295
-0.867917
0.007383
0.151641
0.972766
0.566842
-0.174560
0.364146
0.485687
-0.235449
0.594875
0.387675
-0.371182
0.323822
0.300577
0.997067
0.230319
0.077732
-0.953041
0.639935
0.779217
-0.598890
0.245386
-0.068287
-0.929020
0.834966
-0.446576
0.807962
0.468746
0.312187
-0.354795
0.997195
0.438403
-0.886774
0.304300
0.505087
-0.040062
0.688174
0.671452
-0.063602
-0.683848
0.408287
0.994006
-0.948183
-0.651968
-0.767926
-0.326743
-0.131239
0.304196
0.597021
-0.264852
0.692013
0.008304
0.900411
-0.999925
-0.577812
0.608173
0.185802
0.046724
0.064930
-0.398377
-0.612008
0.526274
0.386539
-0.761260
0.438965
-0.914332
-0.331025
-0.488834
0.773728
0.406195
-0.172533
-0.973608
-0.383453
0.250888
-0.532129
-0.021518
0.127390
-0.887383
0.335225
0.497489
0.325246
0.905169
-0.322871
-0.436393
-0.072425
-0.353226
-0.015831
0.768311
0.746281
0.282193
-0.128290
0.070016
-0.234570
-0.486971
0.533991
-0.125155
0.593674
-0.146543
0.196349
-0.278340
0.386865
0.878966
-0.958401
0.971750
-0.333524
-0.997967
0.514616
0.537285
-0.745318
-0.619299
-0.939169
-0.352091
-0.964439
0.925309
-0.081570
0.355834
-0.984598
-0.323670
-0.117923
0.844881
0.902022
0.086738
-0.081037
0.696684
-0.325663
-0.037683
0.332932
-0.610326
0.111592
-0.399597
-0.038049
-0.664682
0.191037
0.034354
0.659727
0.621667
-0.273850
-0.021613
0.332428
-0.181242
-0.247543
-0.258067
0.391301
0.453881
0.446589
-0.467084
-0.989478
0.385894
0.879883
0.274674
0.299483
0.101359
0.604747
0.670746
-0.245182
-0.056060
-0.729422
0.592664
-0.182520
-0.835227
0.100830
-0.327390
0.565924
-0.687090
-0.521248
-0.014582
-0.516075
0.803868
-0.833476
0.025846
0.964117
-0.571383
0.655660
0.896575
0.067826
-0.262790
-0.240962
0.280007
0.468325
0.770770
0.180501
0.725311
-0.157036
0.753097
0.003793
0.930830
-0.251270
0.202606
-0.619272
-0.122469
0.160530
0.617210
0.024562
-0.755470
-0.509866
-0.560037
-0.228513
0.335060
0.694454
-0.376060
0.867101
0.666156
-0.085783
0.020222
0.967943
-0.256501
0.512495
0.048040
0.257925
0.029944
0.307870
0.418694
0.635182
0.693809
0.841912
-0.972118
-0.127481
-0.675156
-0.437200
0.081681
0.242819
0.659216
-0.814112
0.292371
0.999827
0.191872
0.792223
0.387055
0.364320
-0.242959
0.398613
-0.084755
-0.521039
-0.942131
-0.414845
0.572504
-0.035271
-0.416711
0.938976
-0.405569
-0.802025
0.246500
-0.603130
0.417603
0.714418
-0.032578
-0.040434
0.384164
0.122755
-0.519713
-0.418418
0.535885
0.284511
-0.303072
0.994833
0.162290
0.077663
-0.816993
0.042344
0.235722
0.775253
0.869793
-0.914190
-0.826655
-0.304011
-0.083525
-0.293576
-0.176119
-0.428466
0.214423
-0.187831
-0.240824
-0.214497
0.364364
-0.457208
-0.415391
-0.196770
0.052864
0.708359
-0.902395
0.879841
0.681917
0.466441
-0.422799
-0.973392
-0.395657
-0.831663
-0.271392
-0.694299
-0.218313
-0.306942
0.166538
0.820698
-0.614672
0.445611
0.933404
0.497014
0.911718
-0.878880
0.001431
-0.719457
-0.013496
-0.030708
0.402720
0.808083
-0.876513
0.550704
0.997429
0.509428
-0.099541
-0.134310
-0.719509
-0.550815
0.326159
-0.318872
-0.281967
0.933363
0.410550
0.419649
-0.822351
-0.002322
0.728872
0.591161
0.919784
-0.890943
-0.944373
0.654107
0.337451
-0.471673
-0.326402
-0.008800
-0.828875
0.096168
0.827218
-0.605055
0.743549
-0.693997
0.941004
0.198722
-0.002247
-0.318968
-0.717473
0.389498
-0.561568
-0.716412
0.127279
-0.496339
-0.800649
-0.119922
-0.884353
-0.968564
-0.332354
0.331616
-0.765398
-0.530562
0.838118
-0.714266
0.485609
0.740622
0.593057
0.036070
0.298998
-0.981261
0.139561
0.524918
-0.826159
0.114403
0.893792
0.450136
-0.023642
0.360749
0.070044
-0.064879
0.321716
-0.520307
-0.300046
0.635108
0.055495
0.497302
-0.447335
0.450264
-0.421426
0.567993
0.010687
-0.399239
-0.062297
-0.198478
0.607994
-0.436600
-0.587613
0.844482
-0.441144
0.111293
0.133437
0.809407
0.630815
-0.587391
0.824339
-0.318244
-0.001269
-0.177928
0.244027
0.944181
0.360237
0.781731
0.550673
-0.115035
0.105802
0.723879
-0.395148
0.925342
-0.207042
-0.554944
-0.681447
0.452324
-0.590672
0.253718
0.897990
-0.494623
0.705480
0.030852
0.913320
0.365681
0.912073
0.258362
-0.377152
-0.247408
0.521655
-0.966898
-0.675541
0.157492
0.759822
-0.612857
0.609108
-0.083961
0.179628
-0.429259
0.862707
-0.887929
0.025983
-0.708294
-0.445862
0.064636
-0.758055
0.916001
-0.416835
0.300191
0.484702
-0.999202
-0.420146
-0.591602
-0.136271
-0.147570
-0.084439
-0.498784
-0.665066
0.590375
0.837220
-0.035135
0.752749
-0.354430
0.954359
-0.321100
0.633096
-0.467129
0.596536
0.972432
0.920408
0.186701
0.789364
-0.222487
-0.519161
0.013370
0.022898
-0.602776
-0.140899
0.111561
-0.011445
-0.747480
-0.529841
-0.165399
0.726660
-0.473040
0.631895
-0.516962
0.401577
0.545556
0.628439
-0.799525
-0.462839
0.426984
0.640493
-0.790278
-0.670994
0.250698
0.247633
-0.134140
-0.107669
-0.378638
0.106480
0.945484
-0.635050
-0.609527
-0.950033
-0.355274
0.188646
0.983391
-0.389745
0.458186
-0.344646
0.738426
-0.205817
-0.122720
0.997105
-0.789259
-0.396960
0.611641
0.647266
-0.038620
-0.406939
-0.715638
0.677816
-0.389155
-0.539134
0.227331
-0.222085
0.019207
0.570043
0.258613
0.395127
-0.329268
0.625578
-0.033841
-0.715512
-0.029923
0.533644
-0.340744
0.522193
0.499530
0.339132
0.099278
0.692619
0.689145
-0.985029
-0.170191
-0.582889
0.408267
0.782915
0.315534
-0.698036
-0.055048
0.540050
0.047068
-0.125692
0.045301
0.273459
-0.669514
-0.736935
-0.771260
-0.032610
0.688135
-0.440910
0.427191
0.470828
-0.590591
0.028335
0.608400
-0.041431
0.630628
0.202065
-0.953683
-0.179491
0.441602
-0.603565
0.361610
-0.271109
-0.251675
-0.853853
0.629987
-0.081760
0.389766
0.393757
-0.485039
0.653633
-0.814797
-0.178482
0.331222
-0.391678
-0.274399
-0.556834
-0.631419
0.136956
-0.539962
0.292422
-0.099922
-0.870579
-0.842763
0.288011
0.875504
-0.182213
0.797342
-0.707774
0.281333
0.901389
0.905305
-0.905855
0.516613
0.390792
-0.485795
-0.933325
-0.106125
0.704128
0.719274
0.723310
0.933782
0.655484
-0.819597
-0.140311
-0.151742
0.468669
0.105633
0.027448
-0.206084
-0.401104
0.101453
-0.277597
-0.138332
0.046441
0.418669
-0.824281
0.310848
0.083576
0.778913
-0.047014
-0.295658
0.380734
0.984470
-0.567779
-0.173578
-0.913494
0.696690
0.923203
0.235440
0.139299
0.739395
-0.993438
0.146221
-0.458506
0.033402
0.552305
0.916136
0.547720
0.341221
-0.321008
0.011060
-0.904482
0.574408
0.266107
-0.011635
0.463958
0.720423
0.778002
-0.439343
0.791779
0.813976
0.331804
-0.722877
0.630718
-0.140533
0.785987
0.075209
-0.421724
0.900226
0.459464
-0.750212
0.616351
-0.606059
-0.163145
0.713849
-0.451342
0.972718
0.257938
-0.240013
0.868185
0.198367
0.489980
0.535677
-0.076809
0.912638
-0.675505
0.306077
-0.867363
0.335198
-0.345383
0.598126
-0.423127
0.083738
0.820685
-0.276532
0.463178
0.343042
-0.804590
0.021414
-0.685377
0.501257
0.096478
-0.420037
-0.492646
-0.801394
-0.035791
-0.634754
0.367575
0.375894
0.292708
-0.122871
-0.978803
0.709044
0.098891
0.335209
0.664510
-0.947368
0.643800
0.990101
-0.452243
0.313125
0.985438
0.053048
0.127355
-0.458728
-0.471696
0.175949
0.638572
-0.233892
0.615452
-0.849022
-0.062218
-0.959051
-0.163795
-0.267263
-0.780243
-0.104073
0.724233
0.558208
-0.622082
0.271651
0.517881
0.455723
0.332593
0.893917
-0.676853
-0.771994
-0.751495
0.842511
-0.699995
-0.531329
-0.378891
-0.275043
0.313574
0.196929
-0.617355
-0.402285
-0.083820
0.056980
-0.724731
0.196818
-0.004208
0.859345
0.693779
-0.670993
-0.722896
-0.486455
-0.837723
0.243555
0.521666
0.167344
-0.090936
0.804837
0.818496
-0.925983
0.812715
-0.307819
-0.304341
-0.947195
-0.746619
-0.616779
0.179490
0.428698
-0.864733
-0.182382
0.112738
0.561244
0.750020
0.847045
-0.772101
0.662281
0.191896
-0.150878
-0.094013
-0.723008
0.283738
0.689853
0.556978
0.804995
0.790805
0.349178
-0.392427
-0.074656
-0.723496
0.926109
-0.306549
-0.454983
0.942852
0.772902
-0.703934
-0.991793
-0.289893
-0.956968
-0.183389
0.959330
-0.529362
0.510958
-0.781069
0.435804
0.208691
-0.000162
-0.049697
0.787488
-0.061006
0.741994
0.610284
-0.185137
0.448260
-0.412524
-0.294079
-0.127712
0.855314
-0.745229
-0.180453
-0.430320
0.052489
0.930379
0.114372
-0.104053
0.278258
0.288425
-0.611859
0.208933
-0.038817
-0.898727
-0.656785
-0.156336
0.356806
-0.727226
-0.210989
-0.795408
-0.588028
0.844292
0.852839
0.579710
0.378179
-0.980361
-0.028576
0.602721
0.024981
0.599712
-0.322445
0.566725
0.541812
-0.789285
-0.318046
-0.827677
-0.449721
-0.379730
-0.243146
0.534215
0.068115
0.901354
-0.217574
0.972147
0.208069
0.175603
-0.984764
0.919986
-0.418172
0.887872
-0.453992
-0.642292
-0.923189
0.499404
0.177958
-0.031301
-0.412526
-0.714387
-0.625872
0.177307
0.829620
0.467822
0.095239
0.401905
0.518508
-0.059150
0.349972
0.160803
-0.723464
-0.739552
0.693827
0.700567
-0.900801
0.651200
-0.756060
-0.944476
0.181418
0.918416
-0.088847
0.953725
-0.389903
-0.505823
-0.806866
0.386852
-0.684813
0.924164
-0.123554
-0.709686
0.610911
0.448973
-0.229978
0.928411
0.027843
-0.771903
0.167148
-0.631342
0.076398
0.737314
-0.482185
0.739203
-0.228534
-0.157983
0.288099
-0.376442
0.073845
-0.246138
0.577028
0.795307
-0.470900
-0.456132
-0.794774
0.473493
0.775361
-0.448843
-0.665027
0.126180
0.953727
-0.245649
0.100527
-0.859164
0.450440
-0.981760
0.576970
0.632340
0.836950
0.802318
0.088735
0.323801
-0.513382
0.157273
-0.834682
0.928029
-0.748351
0.360870
-0.939711
0.526549
-0.603598
-0.461803
0.358336
-0.920558
-0.653254
0.237463
0.157571
-0.700423
-0.563778
-0.534221
0.740302
-0.279416
0.076189
0.344127
0.583159
-0.352792
-0.584534
0.952933
0.355942
-0.030913
0.914136
0.138168
-0.232186
-0.284105
-0.105405
0.805577
0.575483
-0.373152
-0.392386
0.788150
-0.158348
-0.829666
0.620762
0.030919
-0.844358
-0.320607
-0.793443
0.141485
0.255306
-0.821592
0.039054
-0.215203
-0.489855
0.266208
0.382621
0.308532
0.489715
0.481390
0.602132
-0.912818
-0.487685
0.827553
-0.415864
0.693243
-0.173582
0.989342
0.855635
-0.519991
-0.814215
0.483540
-0.199425
0.792678
-0.729063
0.400769
0.786377
0.630845
-0.745474
0.017564
-0.572564
-0.321897
-0.417542
0.119327
0.441586
-0.196127
0.345553
0.195776
0.079485
-0.563580
-0.737477
0.223492
0.325139
-0.652407
-0.687266
-0.581673
-0.924036
0.994025
0.763876
0.096515
-0.287313
-0.167168
-0.812199
-0.795630
0.017063
-0.382292
-0.522022
0.328486
-0.304464
0.382782
0.041236
0.748440
-0.102461
0.775622
-0.144184
0.866876
-0.227475
0.626744
-0.271684
-0.772387
-0.528097
0.024965
-0.313480
-0.247002
-0.970470
-0.609674
0.936889
-0.812034
0.881231
0.495842
-0.164275
-0.694450
-0.937575
-0.431423
0.763409
-0.463879
0.641510
0.185193
0.914537
0.710086
-0.926029
0.014833
-0.760823
-0.154712
0.166388
-0.142545
0.703848
0.610363
0.095300
-0.442985
-0.024869
0.094020
-0.345779
-0.055329
-0.782596
-0.487174
-0.244831
-0.697765
-0.269541
0.114755
0.488653
0.898959
0.135215
-0.041226
0.688264
0.089223
-0.391076
0.280035
-0.537544
0.831904
-0.120536
-0.028766
0.872388
-0.371020
-0.579008
-0.500306
0.715944
0.102145
0.907976
0.081674
0.576707
-0.740366
-0.645860
0.448776
0.764376
0.496456
0.625408
-0.721526
0.741159
-0.899356
-0.348811
-0.928205
-0.001010
0.218293
0.234858
-0.496794
-0.529137
-0.002804
-0.697492
0.641600
0.726650
-0.289276
0.605746
-0.150144
0.896652
0.509056
0.550837
-0.085026
-0.245208
0.456794
-0.566767
-0.198785
-0.277162
0.729100
-0.755618
0.092231
-0.491245
0.323091
-0.207847
0.461406
0.123446
0.236645
-0.448687
0.224111
-0.715115
0.295755
-0.359096
0.622214
0.895380
-0.610911
-0.277986
-0.889206
0.284275
0.345270
0.606831
-0.234768
0.777137
0.404562
-0.846504
0.634556
0.309578
0.156500
0.027280
0.314225
-0.869972
0.062422
0.184635
-0.917189
-0.392900
-0.454663
-0.765244
-0.055791
0.312447
-0.659655
-0.022556
0.904325
-0.094789
-0.762496
0.839539
-0.144849
0.255044
-0.178390
0.090788
-0.091412
-0.667498
0.911820
-0.235505
-0.420848
0.204800
0.542886
-0.105603
-0.530734
-0.491964
0.732099
-0.741502
-0.682857
-0.495177
0.953220
-0.956825
0.293499
-0.684267
-0.057065
-0.938652
0.157170
-0.558416
0.448393
-0.852733
0.135588
-0.375572
0.002879
0.454937
-0.603532
-0.541224
0.555371
0.211496
-0.122373
-0.945811
-0.392542
0.342649
0.381686
-0.535316
0.120213
-0.252263
0.267255
0.123489
-0.744909
0.590157
-0.461814
0.001247
-0.449116
-0.057573
0.739973
0.249073
0.112153
-0.887941
-0.624046
0.323916
0.188695
0.751969
0.443818
-0.273915
0.453884
-0.649532
-0.634825
-0.914373
0.564459
-0.655429
-0.975331
0.651863
-0.814634
0.630660
-0.659334
-0.942512
0.026229
0.985311
-0.315085
-0.831044
0.027637
-0.869132
0.871139
-0.691128
0.244549
-0.259970
-0.752913
-0.593960
-0.844184
-0.006226
-0.008724
-0.974158
-0.139281
-0.512447
-0.277452
0.684432
0.175932
0.142998
-0.968204
-0.517331
-0.894687
-0.454437
0.614593
-0.215147
-0.011697
-0.733110
-0.170111
0.997085
-0.696116
0.236241
0.141147
-0.223383
-0.264027
0.364150
0.371485
-0.955887
0.069519
0.829198
0.541279
-0.545480
-0.607322
-0.490839
0.014142
-0.086826
-0.009117
-0.655541
0.070087
-0.550891
0.040691
-0.426172
0.660078
0.888974
0.207617
0.413708
-0.667777
0.278477
-0.410362
0.947468
-0.706117
-0.078194
0.010057
0.416797
-0.612660
0.886205
0.679165
0.840208
0.077974
-0.931161
0.447355
0.034486
0.350775
-0.495520
-0.899399
0.544192
0.312590
0.679251
0.732262
-0.597208
-0.038047
0.547635
-0.250970
0.980360
0.117025
-0.887405
0.531747
-0.656041
0.460045
-0.177065
0.300386
0.955130
-0.166875
-0.064376
-0.269571
-0.315009
0.627413
-0.666500
0.620468
-0.796552
-0.636940
0.301874
0.463124
-0.222671
-0.505729
-0.516185
0.967391
-0.592367
-0.926674
0.365904
-0.318326
-0.503863
-0.716480
-0.314470
0.143497
-0.358519
0.205021
0.401364
0.589187
0.591315
0.778957
0.878115
-0.485925
-0.453135
0.629005
0.391155
0.963663
-0.380234
-0.283072
-0.848829
-0.805725
0.366982
-0.263993
-0.932558
-0.052960
-0.591347
0.733886
-0.527655
-0.427485
-0.164639
-0.068022
-0.487800
-0.886192
0.142824
-0.562737
-0.308838
-0.913353
-0.969166
-0.173510
0.147849
0.757032
-0.500474
0.843268
0.738878
0.991081
-0.382695
-0.199245
0.818701
-0.738529
0.745300
-0.744481
0.330272
-0.505395
0.164820
0.459382
0.094625
0.869170
-0.292669
-0.433977
-0.871778
0.020449
0.480164
0.875032
-0.264232
-0.739611
-0.164762
-0.082471
-0.141925
0.526617
-0.266770
-0.664436
-0.797588
0.422006
0.917172
0.355953
-0.454868
-0.209079
-0.802394
0.324160
-0.197543
0.414442
-0.899542
0.803206
0.744105
-0.018572
-0.684179
-0.694811
0.521725
0.427977
0.715223
0.484291
0.160332
-0.714350
-0.058834
-0.708688
0.194360
0.381318
-0.962275
-0.746649
-0.485654
-0.740836
-0.448230
0.348400
-0.708453
0.512392
0.560308
-0.732875
0.271896
-0.921422
-0.837415
0.956684
-0.924356
-0.348237
-0.477475
0.895198
-0.860108
0.867038
-0.281285
-0.234842
0.991815
0.017032
0.274233
-0.727238
0.836932
-0.240809
-0.278770
0.356462
-0.946123
-0.089758
-0.086661
0.613272
-0.040198
0.744893
-0.304252
-0.311220
-0.212399
-0.760313
-0.010032
-0.392037
-0.136211
-0.173583
-0.916971
-0.618107
-0.808895
-0.286693
-0.902424
-0.842325
0.806890
-0.264104
-0.587382
0.190202
0.130487
0.262053
0.942337
-0.052644
0.237171
-0.608854
0.956653
0.457106
-0.934825
0.252201
-0.503007
0.220130
0.312443
-0.193479
0.380702
-0.074719
0.426611
-0.368355
-0.942650
-0.824924
0.352775
-0.385279
0.339262
0.457185
-0.757760
0.567189
-0.880737
0.043117
-0.256655
0.156768
0.846361
-0.364763
-0.730618
-0.358078
-0.154116
0.621254
0.383219
0.508086
-0.692197
-0.873082
0.674658
0.289277
-0.518574
0.225627
-0.817969
0.348819
-0.535557
0.301365
0.250938
0.060558
-0.239716
-0.704519
-0.082212
-0.134016
-0.231162
0.775634
-0.312990
-0.762583
0.397304
-0.606793
0.845438
0.607727
0.726083
0.043707
-0.147621
0.073843
-0.213922
0.756166
0.172890
-0.070543
0.615053
-0.614776
0.770001
0.470498
-0.914315
-0.253360
0.605732
-0.758995
0.263460
-0.691164
0.388978
0.728502
-0.247998
0.878922
-0.893181
0.866621
0.513470
-0.976066
-0.125513
-0.549223
0.358138
-0.108704
0.551785
-0.704315
-0.582987
-0.068916
0.987200
0.981047
-0.855745
-0.335905
-0.331652
0.972945
-0.217440
0.465289
0.491311
-0.382781
0.113483
0.813320
-0.359185
0.480513
-0.286473
-0.136180
0.071183
0.439929
-0.295164
0.466511
-0.365261
0.555002
0.436334
0.074346
-0.063642
0.777095
0.200079
-0.284892
0.699420
-0.101276
-0.392783
0.113673
-0.392589
-0.106162
-0.342374
-0.314569
0.799804
-0.290335
0.260725
-0.836216
0.475577
-0.753077
0.531294
-0.483449
0.157652
0.643660
0.177818
0.443270
0.310936
0.097476
-0.302543
0.260928
-0.976660
0.733400
0.754604
0.481148
0.838064
0.905837
-0.309898
-0.399929
0.837662
0.612624
0.001065
-0.199291
0.393003
-0.719437
0.681092
-0.412279
0.512083
-0.011503
-0.781694
-0.503131
-0.802285
0.425727
-0.174906
-0.264428
-0.730470
0.678236
0.404091
0.582596
-0.622869
-0.112446
0.404649
0.762654
0.796396
-0.816580
0.220796
-0.928929
0.082995
-0.693671
0.522597
-0.429156
0.390098
0.062723
-0.271974
0.591283
-0.491523
0.163379
0.954111
-0.170141
0.677184
0.765209
0.693569
-0.683509
0.333079
-0.315348
0.664721
-0.352196
0.504578
0.849008
-0.644155
0.337761
0.919127
-0.222551
0.427173
0.623746
-0.379412
-0.997663
0.225235
0.090721
-0.058352
0.413989
0.030870
0.661187
0.772319
-0.231949
-0.049515
-0.007513
-0.393049
-0.257149
0.377244
0.138482
0.755551
-0.688012
0.459647
0.539099
0.178082
0.007662
0.014881
-0.255600
-0.820956
-0.084635
0.618263
0.999141
0.677786
-0.740662
0.108588
0.052862
-0.461361
0.844924
-0.232441
-0.600421
-0.662889
-0.845406
-0.923909
-0.860808
-0.588556
0.384663
-0.037592
-0.745079
-0.874205
0.695224
0.912079
-0.901478
-0.887064
-0.550998
0.327468
-0.173863
-0.744177
0.016571
0.879724
-0.412951
-0.789680
-0.679125
0.355515
0.812922
0.090054
-0.284306
-0.743768
0.452850
-0.242339
0.249664
-0.249566
0.749708
0.056532
0.338172
0.922042
0.227423
0.896932
0.305088
-0.875907
-0.266242
-0.373844
-0.783720
-0.736333
0.251556
0.570983
0.106456
-0.422979
0.327675
0.622443
-0.430192
-0.408933
0.676845
0.345529
0.740446
-0.900056
-0.316230
0.923655
0.608487
-0.430819
0.208649
0.361264
-0.538419
0.171269
0.571837
-0.544897
-0.661804
0.938877
0.534170
-0.003025
-0.245971
0.748820
0.823018
-0.662151
0.859798
-0.708451
0.047193
0.383553
0.591097
0.298030
0.348534
0.304580
-0.200696
0.701771
-0.472138
0.608090
0.795664
-0.280310
0.029386
0.050187
0.964568
0.957631
-0.005451
-0.479465
0.896006
0.748581
0.571697
-0.068730
-0.703383
-0.295526
0.331787
-0.893630
0.669474
-0.253867
0.883598
0.588044
0.138057
-0.140073
-0.113142
-0.281747
0.199025
-0.972596
0.519994
0.141724
0.591715
-0.358910
-0.841238
-0.949047
0.573520
-0.472904
-0.406593
0.305284
0.660814
0.864070
0.545672
0.330537
0.049156
0.515420
-0.683385
-0.614239
-0.496658
-0.168168
0.774312
-0.509660
0.679871
-0.195050
0.132576
-0.995258
-0.724555
0.341062
-0.548864
-0.434187
-0.970460
-0.930558
-0.261623
-0.745515
0.482055
0.903824
0.969101
-0.395801
0.411600
0.922250
0.519383
0.337565
0.795805
0.615944
0.350227
0.747233
-0.737009
0.725922
-0.728121
-0.756913
0.066724
0.010301
-0.458926
-0.315203
0.023649
-0.503150
-0.465961
-0.662140
-0.486958
-0.423215
-0.864439
0.243036
-0.859307
0.399920
-0.050634
-0.833494
0.789917
0.051914
-0.208692
-0.716334
-0.656242
-0.642010
-0.385069
0.207642
-0.350346
-0.008757
-0.891555
0.183768
0.203238
-0.338290
-0.773306
-0.831307
-0.994976
-0.652396
-0.042681
-0.388710
0.411786
-0.821125
0.665130
0.154691
0.170944
0.100000
-0.619787
0.528526
-0.132545
0.736054
0.018452
0.110761
0.125355
0.819808
-0.910365
0.383751
0.400378
0.528138
-0.050857
0.380293
-0.171237
0.399475
-0.235939
-0.207573
0.118237
-0.274335
-0.566771
0.160164
0.294790
0.641258
0.411071
-0.114154
-0.412366
0.876958
0.096813
0.656863
0.737544
0.134553
0.984339
-0.866879
-0.544537
0.239264
-0.304789
-0.552724
0.379401
0.374427
0.113542
0.601922
-0.325743
0.237954
-0.263868
0.696647
0.951155
-0.024719
-0.241819
0.038070
0.967188
-0.897664
-0.323238
-0.347599
-0.361854
-0.153364
-0.712900
0.452865
0.927439
-0.267574
0.585636
0.137247
0.260273
0.472285
0.220930
0.232098
-0.212311
0.850517
0.884046
0.520614
-0.470255
-0.726120
-0.184191
0.778201
-0.582437
0.406819
-0.060300
0.539990
-0.343406
-0.781572
0.522630
0.065642
-0.215039
0.774770
0.419076
0.191198
0.662634
-0.234335
0.191822
0.221691
0.054492
0.612584
0.172575
-0.805834
-0.835151
0.706693
0.863121
0.997798
0.688494
0.317088
0.067952
0.056391
0.973364
0.209029
-0.634079
-0.225429
0.059229
0.414606
0.539729
-0.939027
-0.978633
0.392056
-0.459998
-0.467430
0.162422
0.336066
-0.642056
-0.039041
-0.785488
0.496494
-0.399291
-0.999154
-0.341780
0.891742
0.024224
0.902526
0.720383
-0.069921
-0.315564
-0.511120
0.312306
-0.922769
-0.782597
-0.998441
0.208179
0.012347
0.769118
0.468825
-0.571356
-0.374714
0.313284
-0.501542
0.822395
0.294050
-0.108815
-0.646311
0.607877
0.873742
0.469110
-0.742806
0.373354
-0.513825
-0.717267
0.569810
0.315568
-0.835756
-0.277091
0.662518
-0.908761
0.052134
-0.260501
0.185915
0.836742
-0.827345
-0.065042
0.983140
0.699390
0.450784
-0.575685
-0.306500
0.215690
-0.631265
0.520446
-0.516098
-0.012179
-0.405892
-0.058142
-0.925305
-0.160319
-0.915548
-0.322800
-0.917049
-0.463094
-0.641286
-0.445670
-0.298895
0.909958
0.708619
0.101093
0.042088
0.728557
0.816233
0.416219
0.449015
-0.861721
-0.969461
0.601058
0.192070
0.647226
0.099186
-0.397002
0.971575
-0.129869
0.943359
0.872715
-0.939863
-0.378357
-0.728313
0.767298
-0.706238
0.254170
-0.278943
-0.562209
-0.006807
0.463911
-0.713428
0.892670
-0.420135
0.938341
-0.265975
0.508671
0.412328
-0.329467
-0.831824
0.404718
-0.656591
-0.213761
0.514117
-0.022407
0.309046
-0.400312
-0.491587
0.853764
0.255159
0.611502
0.603162
-0.216653
0.250486
-0.300495
0.891710
0.880600
-0.236888
0.299585
0.890868
-0.215462
-0.281318
-0.204469
0.876584
-0.684626
-0.558599
0.120928
0.047048
0.060052
0.358154
0.716196
0.863781
0.484983
-0.736366
-0.095878
0.061746
0.354415
0.072886
0.007524
-0.200758
-0.918786
0.249773
0.285205
0.106417
-0.405645
-0.895185
0.714435
0.907346
-0.404510
0.983986
-0.674518
0.188272
-0.173840
0.829843
0.210630
0.156582
0.869728
-0.506014
-0.296824
0.500190
-0.935026
0.608080
0.573601
-0.021172
0.686406
0.668703
-0.991454
0.691785
0.118135
-0.331609
-0.849287
0.620609
-0.768672
0.175374
0.714998
-0.767966
-0.719431
0.559381
0.355541
-0.976738
0.501023
0.053834
-0.451059
-0.655723
-0.732753
0.995841
-0.162359
-0.561599
0.731044
-0.996527
-0.710662
0.226015
-0.924379
-0.575922
0.323605
-0.526891
-0.860694
-0.665802
-0.727438
-0.644676
0.691143
-0.042231
0.967614
0.597753
0.009944
0.144701
0.836733
0.869190
0.156112
0.343517
-0.259391
0.304345
0.343569
0.568162
-0.682982
-0.844059
-0.725349
-0.463055
-0.490120
0.940924
0.735924
-0.180893
0.456341
0.485012
-0.018433
0.092169
-0.354845
-0.397909
-0.964942
0.604857
-0.906261
-0.639763
-0.125492
-0.389345
0.031879
-0.095787
0.637204
-0.659539
-0.588382
0.705997
-0.345997
0.115361
0.194682
0.287883
0.887705
0.581816
-0.346463
-0.650165
-0.160766
-0.087565
0.512069
-0.361083
0.539968
-0.757182
-0.195149
0.344771
-0.253018
-0.241988
-0.822416
0.171403
-0.061366
-0.953267
-0.304729
0.120217
0.357057
0.405618
0.849299
-0.981601
0.023912
0.340854
-0.789969
0.287617
0.145758
-0.101323
-0.908477
0.388630
-0.176702
-0.377672
0.831929
0.053073
0.775197
-0.941888
-0.496775
0.013764
-0.662272
0.355900
0.040244
0.504772
-0.310854
0.509343
-0.526472
0.810825
-0.666666
-0.184606
-0.824301
0.354251
-0.672842
0.575393
0.488874
-0.642480
-0.056224
-0.625639
-0.643063
-0.829978
-0.717418
0.826751
-0.422663
-0.947064
-0.929270
0.075935
-0.263204
-0.802674
0.842549
0.894337
-0.638123
0.158025
0.965276
0.289673
0.411519
0.368296
0.139059
-0.549790
-0.167377
-0.372933
0.371475
0.149783
-0.866812
0.172226
0.119828
0.307160
0.318419
-0.212642
0.997570
0.605908
0.536725
0.103189
-0.830749
-0.607820
-0.943455
0.905228
-0.277750
0.536292
-0.597880
-0.168825
0.775080
0.003653
-0.396481
-0.622807
0.868041
-0.989823
-0.042695
-0.919449
-0.333235
-0.871570
0.491979
-0.848670
0.088669
0.069666
-0.603861
0.012737
-0.960824
0.264718
0.807401
0.243784
0.625012
0.080209
-0.632673
0.708874
0.633491
0.757403
0.870962
0.339698
0.596355
-0.549581
-0.689794
-0.836286
0.479546
-0.007924
0.070342
-0.037610
0.489821
0.277673
0.203359
-0.108759
-0.176150
0.962319
-0.442623
0.654443
0.711380
-0.853774
0.568017
-0.629033
0.738371
-0.665489
0.598904
0.504068
0.339500
-0.054126
0.768287
0.379708
-0.514241
0.286949
-0.355957
0.196867
0.046253
-0.622991
0.653032
0.661835
-0.888979
-0.799884
0.293247
-0.201350
-0.514076
0.175605
0.581638
-0.153652
0.897340
0.110532
0.074690
-0.103194
0.650492
-0.264786
-0.978208
-0.305073
-0.606605
0.842737
-0.400773
-0.680612
-0.614089
0.339363
-0.949693
-0.965055
-0.680991
-0.510970
0.452877
0.514643
-0.340349
-0.593107
-0.353094
-0.185743
0.996864
-0.273058
0.298381
0.681243
-0.458676
0.651840
0.206318
-0.460721
-0.167736
-0.080974
-0.585856
0.388509
-0.316474
0.755239
-0.102777
-0.629267
0.226490
0.490178
-0.855994
-0.790837
-0.807972
0.276962
0.547790
-0.076327
-0.155452
-0.334806
-0.723632
-0.667512
0.849105
-0.709674
-0.342776
0.640414
0.758734
-0.591415
-0.697986
-0.411930
-0.521248
0.892388
0.681271
-0.593405
-0.341240
0.784513
0.125492
0.895023
-0.795271
0.720924
-0.153592
-0.254333
-0.508068
-0.492119
0.772000
0.287989
-0.039018
-0.722705
0.996438
0.168073
0.755679
0.590326
0.069586
0.855767
0.670698
-0.863732
-0.061970
0.122247
-0.963814
-0.776092
-0.273922
-0.941061
-0.307727
-0.670688
0.020124
0.343909
-0.550030
0.656973
-0.580416
-0.206128
0.089432
-0.392613
0.812073
0.457424
0.359761
0.656446
0.193229
0.772898
-0.948381
-0.425787
0.599595
0.847546
-0.147643
0.569121
0.017260
0.362222
0.293132
-0.865845
0.699242
-0.046535
0.272912
0.144841
-0.674704
-0.648357
0.019948
0.448658
-0.156023
-0.330893
-0.199277
-0.031726
-0.398778
0.924675
-0.699895
-0.000440
0.650408
0.058349
-0.437065
0.389460
0.120927
0.265146
-0.333041
-0.239582
-0.989994
0.207269
0.667754
-0.371289
-0.493960
-0.836670
-0.387785
-0.194509
0.115914
0.185944
-0.932971
-0.432919
-0.683493
0.328831
-0.453971
-0.505599
0.518774
0.366765
0.877215
0.455503
-0.451138
0.189399
-0.218278
0.423701
0.858728
0.576486
0.185049
0.113713
0.975793
-0.514978
-0.468207
0.077858
-0.318906
0.237094
-0.559901
-0.058437
-0.688570
-0.849961
-0.874150
-0.009212
-0.816615
0.910336
-0.289160
-0.130010
0.466592
0.208455
-0.665566
-0.951048
-0.269065
0.573837
0.978643
-0.840005
-0.353639
0.383224
0.883774
-0.243210
-0.058714
0.435592
0.691174
-0.661240
0.660593
0.156152
0.833528
0.010555
-0.508850
0.735497
0.099792
-0.240134
-0.794473
-0.481635
-0.482898
-0.843541
0.942281
0.110516
0.897633
-0.208778
-0.003510
0.553253
0.152478
0.394481
0.148201
-0.886579
0.025471
0.994146
0.016377
0.320298
0.787666
-0.008132
0.068809
0.363401
0.551659
-0.475332
-0.898003
0.378167
-0.358269
-0.101897
0.902627
-0.962075
0.884811
-0.840904
-0.455418
-0.565334
-0.043848
-0.937806
0.528917
-0.008596
0.580219
0.628725
0.593994
-0.063309
0.779541
-0.974343
-0.153681
-0.389733
-0.904347
0.632317
-0.751242
-0.027517
0.493518
0.229872
-0.539728
-0.896989
0.737347
0.722707
-0.261371
0.567066
-0.505808
-0.799661
0.656304
-0.928359
0.579970
-0.607808
0.770941
0.033638
-0.600648
-0.713106
-0.515215
-0.099884
-0.878358
0.553473
0.282220
0.378442
-0.286739
0.116924
-0.610612
-0.878479
-0.107478
0.798086
0.878388
0.927923
0.095233
0.137365
-0.395278
0.802149
-0.339697
0.586636
-0.523839
0.718936
-0.456140
0.558986
-0.975576
-0.097394
-0.805779
0.580410
0.532415
-0.649650
0.723149
-0.792334
0.525195
0.054236
0.365438
-0.871979
0.605949
0.031021
-0.317183
0.083058
-0.729486
0.624187
-0.313644
-0.462656
-0.287071
-0.153580
-0.624592
-0.236051
0.063902
-0.913899
-0.540944
-0.729062
-0.938921
-0.785185
0.891966
0.451136
0.283536
-0.372786
-0.720081
-0.811336
-0.947749
0.428926
-0.910831
-0.671737
-0.988940
0.582410
-0.371514
-0.464878
0.155308
0.433461
-0.952190
0.209753
0.959920
0.301238
0.001525
0.232687
-0.475015
0.481436
-0.145511
0.767226
-0.775938
0.335666
0.202985
0.542113
-0.379274
0.405566
0.860172
0.999881
-0.547714
-0.940069
-0.208978
-0.492413
0.954232
0.930162
0.798721
0.674270
0.047024
-0.124669
-0.119276
-0.391698
0.393018
-0.830015
-0.370813
0.073282
0.470986
-0.464717
-0.574168
0.578016
0.031893
0.188785
0.205566
-0.146604
0.872991
-0.497401
-0.853829
-0.744834
0.124768
-0.207620
-0.404982
-0.164572
-0.001125
-0.671988
-0.586419
0.804771
0.414206
-0.723913
0.856611
-0.127639
-0.141789
-0.516682
-0.514140
-0.456429
0.163635
0.364583
0.201612
0.824656
0.570721
0.625194
-0.941303
0.429775
-0.576480
-0.907326
-0.164655
-0.990267
-0.660006
-0.302063
0.231535
-0.563518
-0.422540
-0.846178
-0.998925
0.979559
-0.868853
0.556098
0.034717
0.662747
-0.308265
0.738368
-0.279544
0.220635
-0.758847
0.886304
0.160081
0.867857
-0.876149
0.516613
-0.999842
0.696722
0.100924
-0.678851
-0.761307
0.593878
0.739316
-0.542493
0.080348
0.520222
0.596715
-0.205811
0.729312
-0.505664
-0.316275
0.978089
0.507120
-0.184812
-0.072369
-0.256315
0.120232
-0.903248
0.669810
0.319320
-0.767599
-0.928341
-0.753932
-0.414089
0.527894
0.828543
0.091196
-0.104497
0.481442
0.206360
-0.152973
0.575397
-0.712391
-0.173193
-0.773592
-0.292422
-0.014330
-0.712076
0.645085
0.207119
0.954083
0.384599
-0.157707
0.643595
0.990793
-0.267191
-0.199999
-0.194922
0.980355
0.045029
0.778012
-0.334428
-0.468156
0.995420
0.827331
0.349908
-0.761800
-0.173308
0.014610
0.404229
0.320242
0.843222
-0.554756
0.207853
-0.719815
-0.367638
-0.994511
-0.178121
-0.748571
-0.285739
-0.980162
0.860174
-0.201323
0.338532
0.157154
-0.181310
-0.120201
-0.402361
0.310212
0.750642
-0.941626
0.648594
0.680938
-0.398806
0.287773
-0.988872
0.379625
0.565650
-0.441831
0.991589
0.646943
-0.807281
0.472191
0.851785
-0.404151
-0.627200
0.985431
-0.281915
-0.508132
0.598736
-0.365266
0.087252
0.481166
-0.807340
0.557083
0.754657
-0.005472
0.730767
-0.262266
0.249122
0.184979
0.987806
0.643316
-0.163221
-0.974831
0.914824
-0.954620
-0.325738
0.654977
0.565881
0.051172
-0.583915
0.267914
-0.487580
0.729403
0.339231
0.383463
-0.915208
-0.967074
0.161962
0.357087
-0.282001
-0.921139
-0.070987
-0.740817
-0.054103
0.815432
0.356056
0.508833
0.088994
0.630017
-0.847382
0.755261
-0.959741
0.158981
0.846283
-0.720994
0.918534
0.956543
-0.908295
0.342440
0.526081
-0.600417
-0.758783
-0.249388
0.146652
0.758435
0.394109
0.536679
0.301883
-0.363411
0.211727
0.712448
0.273463
0.977808
0.884716
-0.597231
-0.521881
-0.707065
-0.289232
-0.950453
0.424176
0.156689
0.321679
-0.747346
0.389028
0.771727
0.804839
0.731016
0.153165
-0.556531
0.029071
-0.551321
0.648589
-0.773474
0.785161
-0.783223
-0.915944
-0.972378
-0.933165
-0.970704
0.169519
-0.943382
0.285198
-0.947341
0.496458
0.476245
0.342366
-0.967281
-0.333462
0.350312
-0.464681
0.661036
-0.059444
-0.974891
0.968935
-0.536747
0.855429
-0.887188
-0.692494
0.578991
-0.338401
-0.670507
-0.019839
-0.005080
-0.378542
-0.901602
0.912321
0.776152
0.448092
0.860267
0.855666
-0.444519
-0.156608
-0.148278
-0.166236
-0.045138
0.485949
0.499329
0.646567
-0.887191
-0.160519
0.424802
0.970641
0.604679
0.002215
-0.164239
0.788467
-0.431024
-0.940465
0.782757
0.851412
-0.611336
-0.978027
0.803471
-0.617759
0.936565
-0.872512
0.973524
-0.437678
0.516863
0.043149
-0.577582
0.743866
0.463475
-0.587907
-0.303299
0.983851
0.600866
-0.026643
0.674364
0.320618
-0.422681
-0.027703
0.546235
-0.870954
0.099155
0.415721
-0.996188
-0.487033
-0.037012
-0.286481
0.188565
-0.254946
-0.296806
-0.806231
0.074008
0.988487
-0.037507
-0.797830
-0.504597
0.571826
0.503411
0.116131
-0.852865
-0.025490
-0.445842
-0.230188
-0.614600
-0.467846
0.233276
0.466151
-0.759689
0.958611
-0.584577
0.711532
-0.508003
-0.494616
-0.729094
0.502631
0.250613
0.528163
-0.834830
0.547494
0.812841
0.639164
-0.194429
0.353400
-0.440046
-0.751314
0.472791
0.886203
0.243577
0.960195
-0.986899
0.932523
0.939967
0.068484
0.758662
-0.344292
-0.304374
-0.382381
0.400187
-0.452922
0.283029
-0.064483
-0.244018
-0.279393
0.213306
0.514041
-0.856372
-0.509879
-0.092749
-0.811268
-0.825417
-0.762585
0.139311
-0.628595
-0.173948
-0.500362
0.714247
-0.135100
-0.743125
-0.530212
-0.733691
-0.303411
0.430394
-0.506468
-0.254685
0.003558
0.526704
0.790107
-0.903993
0.205514
0.079996
0.031139
0.140308
0.264473
0.481546
-0.132635
0.718090
-0.842208
-0.249336
0.486128
0.333589
-0.584123
0.730659
0.526309
-0.632504
-0.251276
-0.563025
-0.758265
0.675903
-0.025534
0.240468
-0.094695
0.405785
-0.892958
0.714421
0.652428
-0.917144
0.908304
-0.725711
0.640181
-0.833565
-0.910723
-0.831231
-0.819307
0.837220
0.002121
-0.003009
-0.963753
-0.029477
-0.440775
0.736459
0.732954
-0.720042
0.632831
0.075871
0.196032
0.661917
0.845717
0.616322
0.675358
0.181570
-0.468769
-0.415094
-0.418663
-0.289234
-0.759627
0.352214
-0.733460
0.614585
-0.813582
0.172383
0.932762
-0.332240
-0.335014
0.804889
0.737625
0.017824
0.165019
-0.163666
0.158158
-0.113083
0.994325
0.371858
0.871303
-0.839764
0.676900
0.440172
-0.833081
0.388141
-0.607986
0.172250
-0.820512
-0.601505
0.792803
0.090864
-0.218071
-0.650508
-0.783087
0.037119
-0.292206
-0.854063
-0.470025
0.994355
0.694040
0.528799
-0.424475
-0.784306
-0.108878
-0.900479
0.849019
0.634886
0.168167
0.407201
0.705728
0.473295
0.641676
-0.201784
0.205340
-0.131456
-0.824933
-0.014565
0.098392
0.505605
0.815320
-0.326561
-0.204488
-0.704713
-0.707297
0.348758
-0.853192
-0.588046
-0.558716
0.960134
-0.997259
-0.453996
0.226021
-0.071601
-0.267430
-0.686073
-0.960869
-0.787771
0.295691
-0.201679
-0.789997
0.586826
-0.030869
-0.854704
0.208950
0.057039
-0.065892
0.389497
0.134483
-0.515458
-0.248100
-0.585057
0.785835
0.625674
0.134687
-0.330080
-0.428927
0.701502
-0.744474
-0.049381
0.952228
-0.323835
0.610702
0.046465
-0.616442
-0.387762
-0.670523
0.926489
0.654353
0.196838
0.976158
-0.866270
-0.876496
-0.912565
0.682030
0.843505
0.045713
-0.479406
-0.414667
0.401600
0.098067
-0.895650
0.041020
0.542856
0.583002
0.484413
-0.393548
-0.893609
0.453376
0.108985
0.231881
-0.230337
0.472160
-0.065991
-0.142684
0.026384
-0.650552
0.382927
0.161573
-0.914158
0.665477
-0.696265
0.188399
0.001885
-0.396049
0.777181
0.063360
-0.886574
0.837101
-0.406986
0.383044
-0.350200
-0.249868
0.122961
-0.041490
-0.343720
-0.220943
-0.104085
0.370140
-0.390769
-0.991330
0.809924
-0.066744
0.607551
-0.029215
0.464775
0.819963
-0.913678
-0.852698
-0.518200
-0.581915
0.729798
-0.901905
0.164599
-0.476487
0.442327
-0.839758
0.604214
0.175601
0.863857
0.412330
-0.499784
0.443207
0.802389
0.795820
-0.303679
0.422269
0.411048
0.051832
-0.011400
-0.650523
-0.892471
0.683178
0.603218
-0.076493
0.005166
-0.204294
0.568131
-0.908080
0.829422
0.654709
-0.898355
-0.048139
-0.402657
-0.911661
0.579038
-0.983130
-0.052465
0.398309
-0.441172
-0.982173
-0.342346
0.069377
0.052445
0.596305
0.049037
0.407609
-0.672006
-0.336625
-0.636838
-0.488720
0.189530
0.628767
-0.771801
-0.312183
0.348892
-0.648978
0.519176
-0.767669
-0.418305
0.453488
0.079651
-0.218587
0.220567
-0.667019
-0.803497
0.525930
0.372411
0.523098
-0.818228
-0.612363
-0.083441
0.537210
-0.840942
0.007356
0.598177
-0.628516
0.321941
-0.914529
-0.402315
-0.873763
0.262713
-0.819779
-0.193137
-0.764265
0.914233
-0.480700
0.362032
0.266527
0.826050
-0.738158
-0.265273
-0.897946
0.786222
-0.400824
-0.394022
0.178095
-0.622421
-0.496184
0.061634
-0.826923
0.362923
0.806659
-0.251114
-0.753956
0.347069
0.999163
0.141211
-0.861535
-0.711258
0.311341
0.463054
-0.236588
0.847752
0.025074
-0.993221
0.885253
0.890527
-0.905343
-0.234902
0.214350
-0.151413
-0.806036
0.314729
-0.082769
0.070070
-0.501808
-0.281992
-0.626244
-0.471167
0.475146
-0.403019
0.905314
0.052311
0.126922
-0.659327
0.929576
0.554784
0.179058
-0.544030
-0.527015
-0.675139
-0.940837
-0.767218
0.608629
0.831749
0.297226
-0.555827
-0.083761
0.202512
0.313893
-0.615568
-0.267556
0.367010
-0.191271
-0.992209
0.349019
-0.747108
0.375521
0.841102
0.247289
-0.932075
-0.898418
0.747055
-0.991417
0.060981
-0.507248
-0.434055
0.384628
0.136698
0.755935
0.475071
0.477141
-0.486863
-0.786364
0.836813
-0.972910
-0.994560
-0.583163
0.146492
-0.297938
0.747895
0.652885
-0.579990
-0.753204
0.230869
-0.298803
0.107685
-0.566097
0.031001
0.975061
-0.891536
-0.227448
-0.869177
0.866399
0.614808
0.484788
0.763276
0.676544
-0.824814
0.739994
0.926071
-0.888005
-0.380470
-0.345422
0.193437
-0.481656
-0.368210
0.415806
-0.519715
-0.960072
0.850667
0.457797
-0.337611
0.797229
0.057681
-0.756370
0.978415
-0.982493
-0.098476
-0.751525
0.301723
0.396863
-0.942286
-0.303874
-0.905127
-0.366908
-0.739230
0.559482
0.225230
0.760734
-0.106066
0.266663
-0.640011
0.470293
0.956254
0.356474
-0.514414
0.191490
0.566004
0.081299
-0.376330
0.606417
0.805280
0.807600
-0.477391
0.313421
0.572698
-0.711109
0.864253
0.194200
0.477951
0.078485
0.304010
-0.493163
-0.842409
-0.469108
0.302528
0.665702
0.303207
-0.861682
0.041635
0.242359
-0.968177
-0.452980
0.290433
0.716583
-0.708106
-0.268079
0.065043
-0.534082
-0.173106
-0.996105
0.134119
0.237229
0.142898
-0.736857
-0.172714
-0.201134
0.036751
-0.244815
0.087106
0.095568
0.266836
-0.025097
0.066246
0.554513
-0.562368
-0.977438
0.228004
-0.990923
-0.364662
-0.444565
0.777722
-0.678268
-0.299813
0.141657
0.548686
0.166292
-0.935285
0.147401
0.582017
0.024101
-0.739678
0.591400
-0.693547
0.859228
0.872697
-0.595585
0.768964
-0.535108
0.803064
-0.743556
0.843776
-0.832728
0.563931
0.039451
-0.983413
0.165596
0.110215
0.765234
-0.642526
-0.641541
-0.960875
0.880590
0.489021
-0.722760
0.952032
-0.356165
0.956419
0.704298
-0.874221
-0.333702
-0.192699
-0.580726
-0.411109
0.334184
0.808970
0.176535
-0.544483
0.656184
0.402608
0.236623
-0.532892
0.150449
-0.308436
0.943878
0.598496
-0.040290
-0.557929
-0.676687
0.563493
0.977326
0.350140
0.220558
-0.789013
0.750195
-0.189833
-0.031763
-0.132725
0.700802
-0.026567
-0.623818
-0.745144
-0.022274
-0.285124
0.727888
-0.041463
0.650832
-0.140924
-0.885665
0.748132
-0.316341
-0.148653
0.835574
0.770582
0.277461
0.181055
0.315943
-0.010465
-0.867163
0.594709
0.982780
0.565940
-0.138076
-0.494999
0.495079
-0.159212
-0.188567
0.830635
0.410756
-0.816618
-0.654769
-0.658140
-0.199652
0.954844
0.035807
-0.206090
-0.897201
-0.347801
-0.215134
0.940981
0.410334
-0.541316
-0.526097
-0.131227
0.890535
-0.427123
-0.583408
0.896939
-0.753867
-0.849875
0.401336
-0.699473
0.303886
-0.531143
-0.890074
-0.631303
0.191605
0.742026
0.116698
0.550168
0.662954
0.242998
0.037781
0.296487
-0.008279
-0.434146
-0.609352
0.897191
0.819106
0.783285
-0.224116
0.449291
-0.020638
0.632998
0.802116
0.103293
0.306210
0.544617
0.486229
0.627905
-0.712284
-0.128993
0.060139
-0.627103
0.134244
-0.191723
-0.691836
0.877618
0.448885
0.383586
-0.306218
-0.283928
-0.166829
-0.656018
0.101794
-0.202649
-0.834355
-0.932126
-0.563446
-0.894971
-0.403047
0.480927
0.170874
-0.807358
-0.130838
0.870761
-0.936893
0.562934
-0.152477
0.215679
0.878802
0.338827
0.681387
0.270230
0.847471
0.688740
-0.711435
0.349540
-0.471787
-0.920802
0.118410
-0.039683
-0.463207
-0.922204
-0.569832
0.333633
0.306505
-0.646583
-0.920840
0.105833
-0.001094
-0.628945
0.964240
-0.253091
0.262777
0.889827
-0.223933
0.562705
0.373396
-0.302825
-0.066024
-0.887466
-0.296731
0.228372
-0.910402
-0.290940
0.128778
-0.624026
-0.199290
0.585471
0.948991
-0.555326
-0.674557
-0.962083
0.647879
0.502404
-0.234099
-0.177665
-0.919112
-0.748402
-0.615087
0.258990
-0.959226
-0.393291
-0.242153
-0.095029
0.667478
0.431895
0.357024
0.691761
-0.795096
0.586758
-0.190898
-0.560026
-0.540200
0.060477
0.652230
-0.641596
0.954430
-0.465512
0.157292
0.419115
-0.210896
-0.182309
-0.679178
0.151031
0.703616
0.496531
0.146881
0.402708
-0.371923
-0.548605
-0.217349
0.973311
0.774911
0.449359
0.947259
0.756972
0.719484
-0.117509
0.084115
-0.433967
-0.228690
0.300448
0.999068
0.524873
0.166340
-0.092548
-0.213934
-0.313929
0.388563
0.493179
0.003904
-0.927816
0.824814
-0.236305
-0.011803
0.696659
0.392291
0.677698
0.700262
-0.981496
0.178838
-0.184408
0.806719
-0.474121
0.637093
-0.468897
0.269209
0.364385
0.557963
-0.997048
0.457808
-0.694333
-0.303282
-0.758542
0.185935
0.263581
0.185919
-0.670325
0.580837
-0.812080
-0.125388
0.858927
0.322311
0.237844
0.351393
0.426434
-0.059594
0.659299
0.715465
-0.965897
-0.839279
0.266172
0.376858
-0.660723
-0.548598
-0.824374
0.246221
0.469835
0.257866
0.448806
0.948474
0.418459
-0.392659
-0.473996
-0.021484
0.224206
0.857792
-0.514124
-0.913774
-0.807654
0.352351
0.863643
-0.597476
0.167103
-0.958843
-0.730352
0.491149
-0.121488
-0.234135
-0.578703
0.964624
-0.116383
-0.864118
0.057067
-0.805353
-0.240263
0.617384
-0.854431
0.956857
0.680298
0.928582
0.987645
0.638053
0.518222
-0.729327
-0.851701
0.585022
-0.942287
-0.598590
0.943012
-0.635808
-0.856945
0.326128
-0.998515
0.601296
0.280999
0.631729
-0.050391
-0.865198
0.673701
-0.592650
-0.359228
-0.146083
0.713275
0.813265
0.851385
-0.640966
-0.840966
-0.716937
-0.031853
0.842301
0.414237
0.517791
-0.256187
-0.168322
-0.941931
-0.760485
0.231399
0.397327
-0.651240
-0.399041
0.388050
-0.805416
-0.354844
0.707602
-0.637995
0.862450
0.023934
-0.859911
0.032835
-0.814738
-0.789206
0.789745
0.518210
-0.613134
-0.602336
-0.932886
0.947819
0.332798
-0.260656
-0.793721
-0.409697
-0.122408
0.448970
0.381984
0.989449
0.572708
0.992023
0.642436
-0.450475
0.377203
0.017128
-0.267096
0.706015
0.557923
0.106101
0.546710
0.832930
0.310640
0.441984
0.763704
-0.740130
0.631676
-0.301134
0.762126
0.303414
-0.804419
-0.416354
0.285490
-0.005814
-0.264979
-0.392385
0.796690
-0.293967
0.722445
0.799954
0.579449
-0.177438
-0.688284
-0.514764
-0.230181
0.213170
-0.890807
0.893885
-0.913523
-0.761904
-0.011642
0.103228
0.286256
0.892378
0.957277
-0.505151
0.752155
-0.252150
-0.161161
-0.862287
0.021737
-0.425942
0.147699
-0.474386
0.356014
-0.944326
0.609421
0.129421
-0.031836
0.904377
-0.285870
-0.537833
0.716637
-0.469844
-0.556896
-0.835867
-0.981248
-0.404228
0.206134
-0.599373
0.885096
-0.093479
0.615204
-0.609807
0.057740
0.508809
-0.306204
-0.761845
0.180992
-0.034091
0.436181
0.088938
0.868233
-0.378616
-0.193905
0.636515
0.478313
-0.814292
-0.421023
0.676885
-0.129528
0.408586
0.156669
0.974701
-0.584947
0.961757
-0.929348
0.306167
-0.264596
0.013251
-0.050438
-0.767309
0.192802
0.521392
-0.005699
0.408495
-0.616029
0.429040
-0.536178
0.878300
-0.655649
-0.269890
-0.109248
-0.646113
0.963828
0.167657
-0.983095
0.341265
0.818747
-0.018515
-0.939065
-0.322180
0.207060
0.985545
0.510602
-0.450241
0.703902
-0.730045
0.316145
-0.779188
0.990980
-0.806637
-0.211184
0.217592
-0.602714
0.420611
-0.410944
-0.096873
-0.794708
0.466999
-0.247483
0.570846
0.296626
0.051074
-0.535357
0.892744
-0.339646
-0.536492
0.620736
-0.943266
0.880176
-0.523757
0.575777
-0.734652
-0.731958
0.496963
0.749105
0.476978
-0.091390
0.658502
0.799937
0.828876
0.637353
0.909462
0.973485
0.276110
0.443541
-0.677107
0.131724
-0.199614
-0.679412
-0.579676
0.365158
0.115423
-0.574646
0.647020
-0.674829
-0.314417
0.768281
0.220612
-0.438760
0.595426
-0.750924
0.024098
-0.493439
-0.219435
-0.878166
-0.103158
0.098192
0.760758
-0.213809
0.748837
-0.116325
0.073885
0.029464
-0.606279
-0.208782
0.595485
0.907466
-0.578906
-0.555931
0.241176
-0.597452
-0.947106
-0.849716
0.024286
0.221431
-0.952164
0.207543
-0.242940
0.416217
0.827712
0.139928
0.247730
-0.957219
0.461421
-0.129518
0.052752
-0.159384
-0.226229
-0.080702
0.927375
-0.428820
-0.754166
0.096932
-0.984269
-0.846325
-0.279415
0.266640
-0.659004
0.637137
0.796271
-0.494986
0.780650
0.954670
-0.663470
-0.647523
0.014696
-0.760884
-0.297619
-0.736576
0.849197
-0.438445
0.710702
-0.461904
0.137618
0.854115
-0.317148
0.782913
0.704760
0.017922
-0.388450
-0.694805
-0.705943
-0.113224
0.880359
0.714551
0.567299
-0.700662
-0.895698
0.329699
0.012667
-0.824191
0.542945
-0.840979
0.696304
0.288994
-0.452658
0.934100
-0.861500
0.837838
0.971076
0.748416
0.828495
-0.183623
-0.114813
0.174717
0.329891
0.593373
0.309247
-0.879460
-0.070664
0.313404
0.003724
-0.681922
-0.931620
0.161084
0.708305
0.577831
-0.042747
0.469598
-0.459716
0.740295
0.994841
-0.256990
0.086061
-0.690361
-0.726915
0.492075
-0.129452
-0.580967
0.966069
-0.021617
-0.510383
0.211175
-0.049577
0.289311
0.325089
0.360881
-0.636727
-0.375981
-0.032558
0.464730
-0.443297
-0.482664
-0.233042
-0.633822
-0.483514
-0.592599
0.900776
-0.547027
-0.700650
-0.658095
-0.228111
-0.055630
0.806679
-0.415505
-0.497952
-0.985352
0.006030
-0.513999
0.468353
-0.493986
-0.803260
-0.009059
-0.468007
-0.051285
0.186197
-0.544217
-0.006592
0.093247
-0.031458
0.574207
0.726966
-0.470659
-0.879161
-0.494017
0.867521
0.574031
0.925413
-0.838222
-0.991115
0.288749
-0.598886
0.153168
0.144684
-0.805391
0.924157
0.583817
0.357672
-0.615882
0.128500
0.067703
0.902099
0.060283
0.206706
-0.715081
-0.667446
-0.589326
0.318199
-0.871809
0.810257
-0.423890
-0.908385
0.385536
-0.726915
-0.072202
-0.340244
-0.602394
-0.362765
-0.610632
-0.320050
0.059533
-0.752046
0.746172
0.034048
-0.970963
-0.802838
-0.421282
-0.234925
0.738064
0.733908
-0.560255
-0.338637
-0.044481
-0.704760
0.142540
-0.980827
0.987694
0.672280
0.833281
0.608229
0.550633
-0.532534
-0.905832
-0.906396
-0.729299
-0.501906
-0.778823
0.547797
-0.541944
-0.478418
-0.181773
0.802670
-0.192117
-0.460214
-0.818723
-0.496518
0.953406
0.861260
-0.796512
0.879806
0.782377
0.184635
0.537357
0.180249
-0.424530
0.596010
-0.757413
-0.800383
-0.126371
0.691634
-0.112581
-0.213184
0.166063
-0.111602
-0.397059
0.843741
0.146104
-0.611128
0.760808
-0.321126
0.270954
0.729975
0.673564
-0.435989
-0.331004
0.602099
-0.549239
-0.602760
0.036991
-0.013624
-0.946158
-0.974749
0.858493
0.883407
0.983245
0.955579
-0.162834
-0.232260
0.615146
0.057923
0.587396
0.840557
0.048938
0.654981
0.523435
0.725862
0.471474
-0.222776
-0.834764
-0.050732
0.222912
0.402680
-0.409599
-0.429192
0.502171
-0.510311
-0.711246
0.127725
-0.431956
0.423621
0.424064
0.668756
-0.099405
-0.774496
0.106611
0.214313
-0.920380
-0.610399
-0.212587
-0.124432
-0.410860
0.379152
0.695504
-0.784414
0.289583
-0.644973
-0.211310
0.609185
-0.530237
-0.244884
0.009461
0.905896
-0.413578
0.759102
0.255906
0.663420
0.999929
-0.277059
0.549449
0.958981
-0.422266
0.552679
-0.662209
0.055709
-0.003447
-0.616073
0.780254
0.095096
-0.414679
0.740511
0.488869
0.686273
-0.553497
0.184231
0.347741
-0.165016
0.457220
0.291899
0.549528
-0.397436
-0.841568
-0.447905
0.276315
-0.694638
-0.498611
0.702863
0.449805
0.479056
0.798350
0.892260
0.806498
0.071566
0.114907
0.058728
-0.288928
0.210516
-0.352216
-0.191810
0.409802
0.785736
0.159426
0.901450
-0.122265
-0.494461
-0.956208
0.822176
0.125042
0.114008
0.257206
-0.095616
0.834029
-0.162218
0.877512
-0.594086
-0.240476
0.198506
0.680249
-0.471818
-0.519539
0.234069
0.431518
-0.625456
0.949986
-0.203491
0.661290
0.175470
0.815794
0.977133
0.659224
-0.019380
-0.425304
-0.662301
0.279082
-0.187071
0.899600
-0.716203
0.103242
0.887679
-0.853106
-0.739581
-0.614918
0.303502
0.449141
0.894183
0.663681
0.527112
0.053929
-0.506677
-0.269309
-0.907446
0.353249
0.961410
0.034692
0.509718
-0.466722
-0.010232
0.206027
0.119237
0.573905
0.763531
0.888222
0.475965
0.155455
0.275162
0.275539
-0.483563
0.744066
0.085278
-0.673063
0.960343
-0.634866
0.778575
0.243382
-0.773672
0.911231
-0.945126
0.280503
-0.258396
0.500126
-0.677897
0.384482
0.404452
0.316388
0.907305
0.084727
-0.496461
-0.182241
0.021021
0.179925
-0.121572
0.237208
-0.109391
-0.535860
-0.046332
0.648980
-0.260069
-0.885688
-0.837991
-0.365887
0.074025
0.936963
0.168701
0.859678
-0.184137
0.437071
-0.869241
-0.372407
0.191990
-0.346418
0.056000
0.421430
0.336023
0.940314
-0.033559
0.567347
-0.706733
0.618030
-0.740968
0.651690
-0.482689
-0.230813
0.763040
0.669439
-0.511486
0.100689
-0.374417
0.340445
-0.942140
0.459639
0.855186
0.064768
-0.468704
0.610420
-0.839495
0.865224
-0.649129
0.325886
-0.968809
0.068942
0.318346
-0.935780
-0.308251
0.905535
-0.314577
0.773912
-0.607840
-0.310938
0.521477
0.713783
0.561592
-0.640202
-0.786583
-0.973625
-0.318990
-0.235686
0.264948
0.943285
-0.766802
-0.293693
0.213994
0.459231
0.318898
-0.470391
-0.552226
-0.477642
0.822398
0.921830
-0.432159
-0.719576
0.043522
0.248207
0.873272
-0.734833
0.040312
0.025092
0.451692
0.860460
-0.367385
0.610966
-0.366540
0.089755
0.015480
-0.508326
-0.040209
-0.167828
0.816836
-0.688217
0.271870
0.796578
0.548423
-0.433512
0.305992
0.770706
-0.182984
0.018996
0.514997
0.906334
0.120337
-0.886202
0.170106
-0.916559
0.026349
-0.322949
-0.027827
-0.389598
0.295299
0.520712
0.603837
-0.460102
-0.326910
0.871329
0.667645
-0.281436
-0.824328
-0.131890
0.778333
-0.667280
0.346775
0.102902
0.483400
-0.160455
-0.109806
0.379990
0.651675
-0.085115
0.478783
-0.487148
-0.436123
0.934411
-0.936222
-0.914673
0.754072
-0.353206
0.427818
0.419796
0.463000
0.689917
-0.380402
-0.152775
-0.010204
-0.403962
-0.451677
0.615007
-0.659694
0.851749
-0.648062
-0.753804
-0.644877
0.206857
-0.357314
-0.305842
-0.114006
-0.541121
0.453982
0.776865
0.068213
-0.087644
0.481794
-0.271263
-0.923220
-0.773815
-0.482439
-0.465272
0.365371
-0.344376
-0.631761
-0.886258
0.733857
-0.240175
0.878724
0.631617
-0.090406
-0.436527
0.071335
-0.786511
0.872696
0.576833
-0.087945
0.262941
0.853146
-0.714517
0.268348
0.475617
-0.028154
-0.809956
-0.227867
0.797507
-0.634367
-0.926884
0.653190
-0.414917
-0.273721
0.916143
-0.726523
0.915760
0.097649
-0.651993
-0.399532
0.368202
-0.940934
-0.577117
0.379907
-0.487072
-0.418629
0.182509
-0.127352
0.760447
0.929509
0.237260
-0.144326
-0.670392
0.354263
-0.680680
-0.498762
0.527044
0.245769
0.391505
-0.829682
-0.628784
-0.509524
-0.013750
0.321318
-0.037949
-0.576713
0.453812
0.352332
0.232284
-0.538966
-0.338674
0.239126
0.522577
-0.861702
0.110571
-0.181487
0.060306
0.035512
-0.327887
-0.206746
0.607656
0.833476
-0.504498
-0.155113
0.892403
0.279390
-0.731807
-0.257901
0.003412
-0.295149
0.189014
0.595770
-0.167647
-0.704124
-0.011888
0.138630
-0.694330
0.657237
-0.842086
-0.471042
0.808045
-0.395955
-0.673135
0.867008
-0.773459
0.444260
-0.904778
0.664874
0.671312
-0.567959
0.049879
0.255193
-0.457222
-0.843278
0.414555
-0.248992
-0.505972
0.298838
-0.298804
-0.848829
0.737705
-0.656708
-0.364539
-0.239498
0.968916
-0.033802
-0.236785
-0.625655
0.133822
-0.993316
0.216747
0.770976
-0.887256
-0.468331
-0.764339
0.741677
-0.721729
0.806292
-0.906864
0.220505
0.759337
0.080848
-0.591905
0.828545
0.986260
-0.909707
-0.407079
-0.086219
-0.068916
0.519605
-0.871710
0.140110
0.346251
0.320293
0.513196
0.501439
-0.272498
0.795085
-0.962520
-0.322487
0.458859
0.226746
-0.370924
-0.242556
0.585977
-0.273096
0.538331
-0.879171
-0.186584
-0.676032
0.981920
0.599144
-0.592306
0.845019
0.017859
-0.531086
0.290339
-0.471502
0.836187
0.479574
0.562990
0.136431
-0.926508
0.985903
-0.301618
0.213519
-0.864721
0.389724
-0.793107
-0.011853
0.757276
0.701470
0.152720
-0.032972
0.515909
-0.588929
-0.346920
-0.819779
-0.195237
0.613480
-0.524006
-0.816554
0.639662
0.154246
-0.192086
0.071307
0.599454
0.612804
0.002744
0.741082
0.026435
0.597554
0.699655
-0.593913
0.943898
-0.992438
-0.153435
0.031165
0.764180
-0.667218
-0.672196
0.137284
-0.823135
-0.320568
0.329921
0.698263
-0.427333
-0.964130
0.073591
-0.223260
-0.538477
0.437381
-0.024688
0.794316
-0.346043
0.311585
0.531187
-0.090981
0.198957
-0.112338
-0.991035
-0.114767
0.881743
-0.146046
0.363060
0.972823
-0.585002
0.132672
0.878749
-0.870200
0.054086
0.514467
0.890254
-0.706674
-0.988063
0.618089
0.766914
-0.397467
0.424424
-0.396010
0.087182
-0.387933
0.987017
-0.107511
-0.328274
-0.601528
-0.536325
-0.688915
-0.663575
0.443140
0.785399
-0.630737
0.564550
0.200969
-0.571716
0.776458
-0.618228
0.017646
-0.866737
-0.765445
-0.067575
-0.469198
-0.454034
0.750028
0.446298
0.230752
-0.745603
-0.215991
-0.428189
-0.192079
0.789937
-0.484439
-0.027096
-0.459502
0.443343
0.911156
0.408080
0.771866
0.283844
-0.163563
-0.284937
0.961838
0.667205
-0.211592
-0.269175
0.239112
-0.819292
-0.307530
0.287881
-0.740221
-0.991979
0.106990
-0.387107
0.370146
-0.599248
-0.373120
-0.726226
-0.914724
0.334565
-0.820005
-0.529987
-0.413849
0.173780
0.804334
-0.488410
0.192884
-0.764951
0.935711
0.178731
-0.255321
0.512441
-0.304702
0.960277
0.727193
0.654258
0.360232
0.326295
-0.225006
0.225006
-0.038264
-0.356559
-0.743794
-0.545506
0.726431
0.497773
0.212708
0.842670
-0.203571
-0.311419
0.097789
-0.569190
-0.532888
-0.595595
-0.742820
0.821433
0.366006
0.373535
0.343364
0.814128
0.461254
0.540906
-0.677884
-0.418031
0.186523
0.642166
0.613391
-0.257667
0.830081
0.322608
-0.223851
0.306176
0.608915
0.764367
-0.492261
-0.977925
-0.109603
-0.357044
-0.053444
-0.668943
-0.504524
-0.582610
-0.953801
-0.810630
-0.693538
0.963540
-0.343981
0.224766
0.949427
0.217214
-0.432372
-0.573841
-0.197731
-0.329463
-0.705959
0.881904
-0.025183
-0.101615
0.459018
-0.102705
-0.400268
-0.151909
-0.869449
0.520686
0.061990
-0.462857
0.977189
0.087642
-0.967582
-0.471717
-0.240227
0.115976
-0.290518
-0.244395
0.102115
0.933981
-0.486265
-0.042401
-0.145071
-0.275737
0.216185
0.546537
-0.775290
0.972831
-0.607642
-0.416413
-0.088698
-0.113279
0.713925
0.789286
0.295227
-0.482112
-0.494661
-0.546752
0.953772
0.277187
-0.561082
-0.636670
0.457903
-0.079245
-0.162724
0.002393
0.203906
0.369364
0.531441
0.733870
-0.118084
-0.364370
0.727244
-0.252477
-0.733610
-0.149027
-0.151565
0.368936
0.550464
-0.843401
0.794033
-0.863680
0.048108
0.915770
-0.335668
0.406217
0.901398
-0.066496
0.130726
0.309659
0.705737
-0.897576
0.374934
-0.139490
0.761050
0.313139
-0.823898
-0.446977
-0.044858
0.803758
-0.881567
0.165723
0.251823
0.648474
0.780254
0.779665
0.118765
-0.959837
0.353448
0.419097
0.917782
-0.330418
-0.818304
0.318093
0.691398
-0.243688
-0.668173
0.829664
-0.978738
0.966200
-0.563729
0.287506
0.627954
-0.951266
-0.771658
-0.904099
-0.799931
-0.759993
0.988089
0.518602
-0.320049
0.489319
-0.803051
-0.404572
-0.202880
-0.980274
-0.692507
-0.211573
-0.365098
-0.083150
-0.695007
0.009367
0.778235
-0.113174
-0.192527
0.445811
-0.319658
-0.500798
-0.745888
0.095502
0.656258
-0.715376
-0.577539
0.899200
0.910213
0.920606
0.828802
-0.279732
-0.820653
0.373360
-0.987478
-0.525756
0.754300
0.570155
-0.931924
0.059645
0.780884
0.688086
-0.582679
0.260707
-0.596664
-0.457259
-0.888713
0.839173
-0.129896
0.277453
-0.968296
0.575490
-0.274858
0.794417
0.811301
-0.482448
-0.801668
0.795529
0.792923
-0.056813
-0.762450
-0.571604
-0.251063
-0.360531
0.480103
-0.498333
0.668620
0.297811
0.222801
0.186980
0.946291
-0.373714
0.910170
-0.239724
0.478051
0.899353
0.189391
-0.935563
-0.404682
0.557370
-0.379171
0.587228
-0.863807
-0.316789
0.977268
-0.606904
0.574723
-0.931819
0.441197
0.187987
-0.468081
-0.365150
0.415089
0.659640
0.403193
-0.914171
0.276046
-0.686529
-0.441903
-0.228766
-0.133128
-0.541077
-0.816288
0.926489
0.355560
-0.455842
-0.798184
0.608790
0.878294
0.627312
-0.514561
0.305509
0.386198
0.173724
-0.384339
-0.520341
0.109288
0.924128
0.465685
-0.082090
-0.034907
-0.291277
-0.358924
-0.216186
0.585943
0.800858
-0.875733
0.832866
-0.274654
0.454760
-0.048451
-0.176460
-0.127000
0.353838
-0.401714
0.159930
0.733816
-0.269713
-0.813834
-0.105737
0.925227
0.843490
0.801487
0.559959
-0.317053
0.867841
-0.050863
0.695333
0.439050
-0.839177
0.320919
0.600714
0.189405
0.429628
0.845102
0.147680
0.019012
0.819822
-0.332474
0.347333
-0.605500
-0.015032
0.906556
0.165775
0.729472
0.382942
-0.352650
-0.894874
0.314657
0.212327
0.858644
-0.069912
0.351177
0.698155
-0.870309
0.369176
-0.739338
0.867827
0.034445
0.512824
-0.639800
0.814307
0.879421
-0.155694
0.454187
-0.646163
-0.583359
-0.809513
-0.966166
0.786521
-0.065870
-0.312284
0.509841
0.362010
0.589145
0.308203
0.770599
-0.043104
0.041943
-0.155902
0.857836
0.808961
-0.518141
-0.957705
0.888089
-0.320782
-0.015487
-0.982989
0.922476
0.038639
-0.746145
0.460967
0.469351
0.674474
-0.780935
0.007424
0.716506
-0.648622
-0.184168
-0.285943
-0.777512
0.526141
-0.239792
0.701354
-0.077826
-0.805694
0.086834
0.200483
-0.926864
0.067480
0.393528
-0.630898
-0.108711
0.308398
0.114152
-0.588958
0.415730
-0.456359
0.480336
-0.141377
-0.015012
0.578539
-0.291797
-0.371992
0.653978
0.073541
0.770392
-0.842460
-0.836877
-0.631199
0.488394
-0.386085
-0.282973
0.080062
0.402551
-0.400128
-0.008386
-0.540640
-0.042568
-0.518844
-0.217145
0.658917
-0.002660
0.214927
0.282397
-0.562262
-0.636429
0.674914
-0.790791
0.277960
-0.306340
0.999298
-0.943757
0.385092
0.546026
0.625087
0.420945
-0.117872
0.100462
0.578747
0.680784
0.153649
0.068138
0.124953
0.583538
-0.110894
-0.719254
0.962473
0.347062
0.350666
0.213813
0.221970
-0.740244
0.053043
-0.798846
0.743077
-0.351725
0.926293
0.725288
-0.006240
0.454161
0.586025
-0.228730
-0.928103
-0.103936
0.011421
-0.601685
-0.255365
-0.662511
-0.981711
-0.570532
-0.579419
-0.341909
-0.205843
0.398121
0.692206
0.670783
-0.412811
-0.173271
-0.439614
-0.918351
0.832670
0.805198
0.138035
-0.625017
-0.318670
-0.082311
0.882195
0.448785
0.959160
-0.535731
0.699189
-0.070404
-0.422895
-0.054535
0.479118
-0.290703
0.507077
0.889093
-0.342819
0.801436
0.068527
-0.559578
-0.705094
0.627075
-0.263887
0.905431
-0.773605
-0.278319
-0.408648
0.940990
-0.305741
0.382258
0.164782
-0.153551
0.535426
0.160474
0.367010
0.554676
0.490103
0.915981
0.273094
-0.338482
-0.343561
-0.697011
0.050344
0.318262
-0.105733
0.945940
0.971871
0.881013
0.440273
-0.888750
-0.357617
-0.530802
-0.152323
-0.641299
-0.793408
0.620260
-0.596581
-0.889177
-0.832771
0.198366
-0.870395
0.120545
0.936695
0.608772
-0.956956
-0.815749
0.385949
-0.182088
0.038629
-0.645603
-0.803167
-0.891747
0.897906
-0.945986
0.648161
0.126631
-0.603313
0.879242
0.248734
0.710349
0.208037
0.977205
-0.451951
-0.172388
0.971731
-0.168101
0.156667
-0.231184
0.159227
0.119708
-0.924789
-0.414846
-0.506484
-0.194721
0.952410
0.034028
-0.589772
0.754433
0.806350
-0.455045
0.764054
0.946645
-0.682994
0.975294
0.538291
-0.716379
0.341341
-0.914602
0.333171
0.577106
0.406305
-0.553973
0.622367
-0.225190
-0.217495
0.206799
-0.303381
0.467281
0.868905
-0.510142
-0.462423
0.020696
0.642254
0.713775
0.996772
-0.738994
0.902016
0.219610
-0.092506
-0.046900
0.314185
-0.763441
0.313343
0.024429
0.146414
-0.410557
-0.712234
0.562909
-0.283766
-0.094554
-0.432435
-0.883918
0.873486
0.993963
0.330112
-0.529021
0.106962
-0.344899
-0.588623
0.602553
0.193817
0.241782
0.802135
0.411604
-0.918626
0.231375
0.483502
0.118520
-0.316851
-0.862033
-0.940453
-0.342443
0.316483
0.586815
-0.007812
0.285651
0.381363
0.667588
0.332123
0.701867
0.396241
-0.937564
-0.719302
-0.763270
-0.706560
-0.022892
-0.016358
0.519497
-0.052677
-0.972015
-0.704321
-0.874484
0.841068
-0.139460
-0.127705
-0.413312
0.495648
0.148278
0.830081
-0.259806
0.759704
-0.523492
0.351968
0.043472
0.102316
-0.761197
-0.614907
0.075038
-0.842578
0.399352
-0.502015
0.298252
-0.364836
0.769980
0.831537
-0.411235
-0.772523
-0.665411
0.061278
0.878736
-0.550482
0.561590
-0.518143
0.060772
-0.427794
0.668995
-0.553836
0.063825
0.413777
0.546573
0.343979
-0.163444
0.200611
0.150900
-0.450794
-0.574516
0.147174
0.833335
-0.376298
-0.731690
0.354231
-0.733900
-0.095448
-0.118277
-0.836270
0.563644
-0.436366
0.079165
0.571345
-0.973866
0.259701
0.119274
-0.561307
-0.964094
0.846715
-0.741696
-0.758480
0.001342
0.854329
0.464401
-0.688639
0.525768
0.428245
-0.360761
-0.165003
0.120141
0.116992
-0.498428
0.192023
-0.381920
-0.158306
-0.760315
0.400788
-0.770714
0.124092
0.273175
-0.278267
-0.689552
0.403875
0.149568
0.615061
-0.666430
-0.490876
-0.712262
0.372620
-0.260115
0.782201
0.297528
-0.779403
-0.561894
0.220503
-0.219858
-0.489776
-0.907786
-0.959723
-0.847028
0.511491
-0.612609
0.321684
0.721762
0.580946
-0.091382
0.441218
-0.453864
0.732961
0.006505
-0.304477
-0.104301
-0.122763
0.119846
-0.770305
-0.427148
0.759360
0.761802
0.635371
0.775347
0.945212
-0.420536
-0.109888
0.048245
-0.890158
0.576537
0.841397
-0.988889
0.460149
0.636148
-0.596224
0.431031
0.169242
0.244179
-0.323603
-0.979071
0.703492
-0.991962
0.725993
0.216677
0.111033
-0.358801
0.265450
0.671063
0.783268
-0.584556
0.516210
-0.649820
0.039308
0.490064
-0.386115
-0.662686
-0.888614
-0.089020
0.401635
0.673214
-0.079128
0.465097
-0.033276
-0.088079
-0.556629
-0.062964
0.173840
-0.354967
-0.118426
0.928853
0.646089
0.812835
-0.388481
0.594854
-0.148527
-0.474178
0.582481
0.958667
0.127079
0.299197
-0.802048
0.530031
0.523450
0.584940
-0.689839
0.900483
0.779960
0.713725
-0.562866
-0.595367
-0.423353
0.060952
-0.078627
-0.291667
0.890207
0.618903
-0.756237
0.459951
0.323999
-0.827763
-0.441317
0.590409
0.786038
-0.269879
-0.387286
0.511780
-0.934792
0.348490
0.592351
0.035035
-0.935648
0.570717
0.802872
-0.924671
-0.924441
-0.238969
-0.679715
-0.027114
0.655575
-0.670504
-0.162239
0.457651
-0.585992
0.889551
-0.137037
0.488917
0.578524
0.235431
-0.909698
-0.491733
0.558325
-0.199897
0.620738
0.984934
0.475996
0.544602
-0.844295
0.216726
0.808394
-0.423928
-0.969137
0.598673
0.124622
-0.009217
-0.855137
0.380785
-0.231651
0.581799
0.953877
0.665400
0.881163
0.743630
-0.787744
-0.393419
-0.933367
-0.307993
0.247641
0.706884
0.124783
0.587186
-0.803283
-0.027165
0.148858
0.354153
-0.878633
-0.467392
-0.770445
-0.960602
0.236593
-0.537539
0.828631
0.400723
0.445147
0.448534
0.805274
0.839576
-0.996309
-0.032943
0.367046
-0.744716
0.340763
0.490943
0.064130
-0.987871
-0.823680
0.603950
0.629058
0.081223
-0.887720
0.644135
0.565477
0.919545
-0.703877
-0.278283
0.207812
0.151581
0.764893
-0.881107
-0.827135
0.129745
-0.394387
-0.645864
0.738368
0.308875
0.965116
0.768202
-0.563279
0.099761
-0.425651
-0.603987
-0.201522
-0.669264
-0.809882
0.392393
-0.419348
-0.287832
0.255834
0.420935
-0.498337
-0.155150
0.682821
0.997373
-0.699201
-0.147614
-0.081388
-0.342691
-0.204007
-0.719539
0.437674
0.349094
-0.805007
0.204590
0.127566
-0.554971
0.355336
-0.903991
0.902930
0.157699
0.190516
0.078877
0.258484
0.826217
-0.275769
0.040587
0.779532
-0.819769
-0.549058
0.425352
-0.989653
0.207737
0.160260
-0.596160
0.397128
0.266919
0.571623
-0.303230
-0.918018
-0.115417
-0.370335
-0.031882
-0.685149
-0.616277
-0.466829
-0.655699
0.679457
0.909201
-0.144216
0.902906
0.874579
-0.159445
0.515622
-0.723691
-0.939687
-0.596182
0.086063
0.099176
-0.479714
-0.833294
0.291975
0.596976
-0.936955
0.811148
0.819218
0.171741
-0.116120
0.140000
0.549621
0.997107
-0.422798
-0.700088
0.772861
0.064178
-0.118012
0.346604
0.741892
0.145395
-0.550244
-0.276235
-0.329403
0.962771
0.907801
0.953979
-0.480920
0.067357
-0.647990
-0.240454
-0.233642
-0.581983
0.054609
0.822309
-0.291801
-0.398562
0.924247
0.426929
0.220709
-0.850680
-0.507529
-0.414067
-0.945616
-0.892167
0.020558
-0.468735
-0.308896
0.435262
-0.286099
-0.457786
-0.774725
-0.419944
-0.531145
-0.255635
0.396686
-0.181926
-0.003016
-0.099292
0.057296
0.457763
0.875920
0.864771
-0.061691
-0.687264
-0.442396
0.074311
0.998602
-0.067598
0.661352
-0.842980
-0.429547
-0.052805
-0.620899
-0.381194
-0.143557
0.514252
-0.934403
0.299386
-0.320944
-0.343884
-0.532927
-0.980460
0.384793
-0.066868
-0.371291
-0.895816
-0.934753
-0.233402
-0.100719
0.880746
0.461973
-0.511912
-0.225980
-0.468525
0.399597
-0.310264
-0.081982
-0.667655
0.661217
0.348957
-0.644370
0.489087
-0.495481
-0.134774
0.641089
0.159525
-0.859031
-0.369368
0.435087
-0.631934
-0.650301
-0.298647
0.767078
0.570528
-0.700824
0.718221
-0.627374
0.075684
0.462994
-0.719055
-0.313118
-0.792855
0.088084
0.742841
0.999886
0.357854
0.168709
0.617302
0.092906
-0.635917
-0.892685
-0.953112
0.289613
0.357085
0.063483
0.856690
0.078501
-0.421784
-0.098387
-0.310244
-0.568035
0.251083
-0.893182
-0.463538
-0.943785
-0.408195
-0.017151
-0.356530
0.761266
0.025069
0.638586
-0.424886
-0.054406
-0.116328
0.474387
-0.251295
0.621038
0.507026
-0.131826
-0.072421
-0.055968
0.087918
-0.841922
-0.800657
0.731943
-0.255907
-0.893830
-0.912383
-0.527464
-0.101030
-0.455283
0.853276
0.647464
0.893610
0.403790
0.440026
-0.659427
-0.725296
-0.740668
-0.582005
0.698458
0.361805
-0.518705
-0.143609
-0.579290
-0.099245
0.403037
0.131182
-0.885667
0.566140
0.845981
0.865945
0.534110
-0.314795
-0.385305
0.784718
-0.734711
-0.882219
-0.404056
0.700415
-0.270466
0.982082
0.355200
0.183073
-0.861944
-0.012345
0.755379
-0.829410
-0.005751
0.082932
0.958996
0.922097
-0.985828
-0.029132
0.014051
0.626772
0.272452
0.876157
-0.277883
-0.902816
0.808443
-0.155791
0.938440
-0.146689
0.870595
-0.458367
-0.196108
-0.946125
-0.496392
0.428181
0.696026
0.261245
-0.336194
0.596130
-0.803368
-0.753903
-0.221846
0.568897
-0.894894
0.649282
-0.641550
0.805291
-0.345355
0.980407
-0.116090
-0.324088
-0.536459
0.548415
0.074559
-0.486729
-0.162140
0.276266
0.849673
-0.667393
0.267370
0.930479
-0.827196
-0.211837
0.594937
0.985701
-0.822842
0.058784
-0.401229
0.768046
0.751745
-0.055479
0.040684
-0.794382
0.065949
-0.154864
-0.479885
0.959140
-0.488614
0.520367
0.515873
-0.414829
-0.832318
-0.666271
-0.748845
-0.560217
-0.616909
-0.407496
0.605091
-0.685868
0.336347
0.004359
0.934883
-0.450620
0.710802
-0.447407
0.575815
-0.080294
-0.218281
-0.490050
0.355210
0.035774
-0.665963
0.162076
-0.573601
-0.389833
-0.364525
0.619208
-0.421974
0.016627
-0.761665
0.515503
-0.293016
0.557648
0.688644
-0.478422
0.017331
-0.217845
0.185629
0.290495
0.420438
0.374775
0.515189
-0.373728
0.162571
-0.617958
0.212119
0.215057
-0.667247
0.407806
-0.159698
0.065250
0.486735
0.209001
0.791636
-0.715608
-0.599842
0.267988
-0.346851
-0.991439
0.537159
0.216626
-0.711852
-0.331619
0.204387
-0.357702
-0.994429
0.902322
0.554953
-0.835330
0.610818
-0.441336
-0.891771
0.926323
0.720911
-0.422902
-0.674513
-0.992652
-0.774594
0.234535
-0.248084
0.474481
0.584381
-0.750206
-0.511875
-0.514077
-0.136473
-0.890081
-0.128762
0.733134
0.971126
0.850219
-0.896046
-0.089753
-0.466705
0.759152
-0.978385
-0.957301
-0.389565
-0.254671
-0.293042
0.197504
-0.724161
-0.457760
0.343665
0.739227
-0.414395
0.611403
0.447012
0.018919
-0.333568
0.265519
-0.988296
-0.705957
0.600711
0.720700
-0.729375
0.878153
-0.774374
0.693541
-0.304233
-0.115918
0.022214
0.970931
0.017136
-0.550466
0.767922
-0.628385
0.023271
-0.598234
0.705030
-0.068350
0.040669
-0.477881
0.230196
-0.164413
0.648428
0.207335
-0.784846
0.139869
-0.831882
-0.084142
0.304455
0.715666
0.953131
-0.048292
-0.760103
0.633816
-0.306840
-0.453138
-0.628405
0.849320
0.102118
-0.309334
-0.765078
-0.450438
0.419937
-0.660921
-0.247107
0.052118
-0.827824
-0.635815
0.887183
0.692640
-0.846063
-0.496300
0.621950
-0.454444
0.409675
-0.958660
0.066756
-0.952363
-0.943679
0.211085
-0.558539
0.515238
-0.732970
0.025710
0.877425
-0.265443
-0.042149
-0.443105
0.591277
0.303870
-0.661327
-0.354450
0.936111
0.892122
0.079903
-0.198353
0.366411
-0.865000
-0.803692
0.787654
0.879060
-0.894904
0.760468
0.416713
0.764441
-0.647302
-0.934208
0.508543
0.691435
0.994336
-0.496128
-0.707299
0.112868
0.503724
0.588410
0.382910
0.813588
-0.695619
-0.850004
-0.074199
-0.558324
-0.982449
-0.723252
-0.490628
-0.073241
-0.260480
0.299692
0.300914
0.459921
0.721736
-0.903985
-0.484199
-0.407350
0.483659
-0.458724
-0.342917
0.687960
0.490421
-0.799272
0.932890
-0.496499
-0.441882
0.704630
-0.784247
-0.336329
-0.787118
0.042134
-0.330711
0.548865
-0.622570
-0.437591
0.073093
0.709147
-0.784925
-0.436694
0.037363
-0.179625
-0.130000
0.454513
0.689556
0.023241
-0.122130
-0.368880
0.700159
0.700108
-0.729874
0.112103
-0.487115
0.906732
-0.268874
-0.124075
0.536845
0.363969
-0.778695
0.492599
-0.063334
0.813298
-0.418785
0.361696
-0.375597
-0.641037
0.324320
-0.762253
-0.707684
-0.434835
-0.385484
-0.208070
0.137391
-0.441793
-0.025619
0.269556
-0.433354
0.725584
0.527272
0.429236
-0.850917
0.046204
0.259265
0.310608
0.428429
-0.424978
0.316864
-0.805693
0.522851
0.812950
-0.196679
-0.591720
-0.834640
-0.482171
0.221144
0.844307
0.735263
-0.156370
-0.825538
-0.453891
-0.969989
0.645837
-0.511917
0.801129
-0.407341
-0.491834
-0.303415
-0.234053
0.050311
-0.445423
0.230841
0.641683
0.289395
0.960632
-0.360449
0.066748
0.627871
-0.983563
-0.447272
-0.873112
0.431644
-0.458633
0.551501
-0.009826
-0.408909
-0.126732
0.943635
-0.211965
0.000264
-0.303113
0.255408
-0.690623
-0.523781
-0.000766
-0.856621
-0.825665
0.761176
0.703252
-0.976984
0.914490
-0.761823
-0.563962
0.302708
0.414841
0.972741
0.942787
0.875363
-0.888572
-0.422023
0.380529
-0.763217
-0.703621
-0.729435
0.310636
-0.306943
-0.092313
-0.987116
0.113046
-0.432202
0.618565
-0.360385
0.768687
0.813515
-0.133441
-0.009223
0.112848
0.801951
0.225519
0.408858
-0.633903
0.761281
0.033149
-0.382490
0.089758
-0.325918
0.725847
-0.730326
0.828674
0.374650
-0.525319
-0.057680
0.592986
-0.003244
-0.183212
0.354660
-0.492471
-0.543329
-0.109893
0.686873
-0.740511
-0.311813
0.674651
0.479872
0.041051
-0.801443
0.219948
0.103262
0.885149
0.631439
-0.494368
0.884823
-0.897960
-0.446161
0.415675
-0.027989
-0.398333
0.660501
-0.381940
0.779642
0.994894
0.174843
0.119077
-0.972224
-0.621877
0.706164
-0.354687
0.896916
0.932481
0.739499
-0.308533
0.023320
-0.628292
0.569451
0.824193
-0.351121
0.327292
0.033929
-0.898172
0.450596
-0.279081
0.363706
-0.252253
-0.886416
0.711376
-0.971616
-0.435408
0.695976
0.735525
0.926068
-0.385480
0.378805
-0.601330
-0.611818
0.474439
-0.019552
-0.004463
0.561589
0.604775
-0.576488
0.528255
0.718995
0.503601
0.029148
-0.319601
-0.201156
0.530163
0.236731
-0.409616
-0.570670
0.463691
-0.739819
0.753933
-0.797487
0.496943
-0.325140
0.077922
0.118046
0.808826
0.820648
0.102409
0.784143
-0.202859
-0.438595
-0.354212
0.452348
-0.599486
-0.431292
0.534299
0.513155
0.397246
-0.943560
-0.418131
0.056690
0.321678
-0.120080
0.496830
0.056659
0.684938
0.681496
-0.391201
-0.559794
-0.153627
0.163760
0.780135
0.411914
-0.135070
0.652548
-0.357162
0.837494
0.586575
-0.611396
0.381478
0.377376
0.063327
0.397143
-0.807283
-0.318560
-0.153736
0.419763
-0.477886
0.803779
-0.699971
-0.166157
-0.834435
-0.092616
0.388752
-0.164455
-0.258749
0.836646
0.271793
0.476704
0.071139
-0.496399
-0.996657
-0.456199
-0.244960
0.912501
0.803908
0.997937
0.417681
0.721613
-0.798691
0.576662
-0.229920
-0.252863
-0.352903
0.506384
-0.618015
0.635638
0.933348
-0.089215
-0.472980
0.743456
0.569630
-0.699600
-0.353286
0.793745
-0.420828
0.790583
-0.216284
0.391125
-0.238438
0.149049
-0.092506
0.528874
-0.035874
0.529229
0.262946
0.822073
0.014079
0.819888
-0.855513
-0.491183
-0.015960
-0.927089
-0.162879
0.198568
-0.638454
-0.257770
0.132304
-0.890119
-0.289236
0.587575
-0.088205
-0.193714
0.532121
0.586667
-0.760194
-0.599732
-0.605116
-0.008399
0.937216
-0.169312
-0.462213
0.567802
0.844023
0.766521
0.316792
-0.471504
-0.236256
-0.845539
0.960955
0.972474
0.836612
0.424607
-0.154079
0.463500
-0.393622
0.081899
0.867106
-0.185744
-0.672617
-0.734085
0.934872
0.872763
-0.870807
-0.005518
0.768353
-0.709091
0.339698
0.836460
-0.868275
-0.031244
0.594148
0.882268
-0.299645
0.172382
0.277300
-0.328086
-0.767291
0.910788
-0.428098
-0.547950
0.872227
0.945219
-0.541524
0.397544
0.081638
0.328303
-0.583046
-0.862961
0.907094
-0.854953
-0.252282
-0.603434
0.361638
0.342329
0.212625
-0.726206
-0.462662
-0.703223
-0.999309
0.586015
-0.939380
0.758116
-0.875111
0.594883
0.204576
0.216377
-0.443109
-0.067278
0.920297
0.852068
-0.930571
-0.782227
-0.655125
0.602582
-0.791130
0.427896
-0.897086
-0.252937
0.081166
-0.740214
-0.918124
-0.761962
0.089106
-0.442704
0.445810
-0.857676
-0.464773
-0.877993
-0.125354
0.225667
-0.086815
0.353005
0.839574
0.243902
-0.557985
0.206484
-0.020149
0.162659
-0.384719
0.078359
-0.870680
0.576331
0.580779
0.544648
0.422927
0.538940
0.423879
0.352210
-0.007987
-0.815806
-0.900200
0.957919
-0.164801
0.148609
-0.159467
0.511572
0.447650
0.634400
-0.213759
0.483854
0.949364
-0.454721
0.914739
-0.363305
-0.506398
-0.659220
-0.788433
0.673054
0.419277
-0.502754
0.048630
0.229663
0.096721
0.524710
-0.956889
-0.907871
-0.968642
0.365717
-0.465103
-0.147151
-0.176698
0.621901
0.492327
-0.918366
-0.883383
0.171414
-0.412302
0.661528
0.265139
0.567380
-0.805198
0.300725
-0.703083
-0.827743
-0.331145
0.860313
-0.781266
-0.472974
-0.222830
-0.377334
0.187540
-0.940965
-0.804843
0.459655
-0.093199
-0.231454
-0.313456
0.327764
-0.264286
0.815275
-0.474873
-0.103273
0.157803
-0.545077
-0.967588
-0.171240
-0.128331
-0.004811
-0.391643
-0.472879
0.481880
-0.383238
0.364939
0.151885
0.444546
0.505223
-0.357251
-0.286465
0.825702
0.735525
-0.753953
0.078066
0.452080
-0.815458
-0.471901
0.575595
-0.992669
-0.821597
-0.863117
0.472923
-0.702552
0.551102
0.380095
-0.259251
0.433095
0.063912
0.040560
-0.203142
-0.784767
-0.446923
0.693062
-0.246689
-0.678971
0.072663
-0.737999
-0.960659
0.523733
0.499645
0.855080
-0.890375
-0.283331
-0.032684
0.315514
-0.750132
-0.254427
-0.725921
-0.068383
-0.860972
0.959104
0.710558
0.757278
-0.219447
0.340342
-0.815161
-0.479408
-0.516403
0.468001
-0.005510
0.215088
-0.685737
-0.952698
-0.600704
0.615732
-0.768435
0.750016
0.795940
0.692022
-0.211695
-0.143309
-0.772213
0.267608
-0.385455
-0.837703
0.519125
-0.146608
0.338046
-0.578271
0.879613
-0.724333
0.612296
-0.946699
0.532978
0.984729
-0.222312
0.294427
-0.781296
0.716858
0.297644
-0.557717
0.256540
-0.349844
-0.803631
-0.668072
0.109346
-0.812840
-0.366722
-0.870122
0.985785
-0.512461
-0.043972
0.768947
-0.656000
-0.992020
0.364961
-0.541588
0.745937
0.216087
-0.819548
-0.981712
-0.844389
-0.988561
-0.554090
-0.044854
-0.744075
0.195168
0.224650
-0.613316
-0.550079
0.210293
-0.155073
-0.563617
-0.222728
-0.466830
0.200486
-0.752479
-0.243093
-0.855014
-0.599722
0.634513
-0.457184
0.868156
0.793797
0.336115
-0.350496
-0.941401
-0.784888
-0.914705
-0.852548
0.950108
0.169924
-0.295966
-0.543410
0.129649
0.949153
0.513071
0.593843
-0.740566
0.636066
0.631358
-0.858043
0.780001
-0.815061
0.349454
-0.516238
0.680329
0.497192
0.580518
0.233384
-0.189351
0.474328
0.674505
0.704946
-0.544189
0.529489
0.626582
0.777126
-0.971483
0.271880
-0.705544
-0.322467
0.409329
-0.640852
-0.871493
0.700014
-0.224931
0.262876
-0.757487
-0.616486
-0.691166
-0.214508
0.584450
0.342000
-0.475318
-0.009062
-0.630478
-0.206076
0.843196
-0.231301
-0.254396
-0.089142
0.643054
0.970248
0.141556
-0.416110
-0.733234
0.385807
0.931999
0.464183
0.341687
0.275820
-0.876408
0.490061
0.222815
0.938490
-0.272528
0.489093
0.023082
-0.743907
0.813103
0.615028
-0.790635
0.931086
0.728642
-0.401954
0.850390
-0.218462
0.943609
0.940770
-0.469642
0.134844
-0.271393
0.628357
-0.916722
0.916327
-0.275567
0.976251
-0.467809
0.075162
0.302606
0.331161
0.547073
0.126979
-0.615703
-0.342893
-0.052991
-0.827515
-0.584111
0.427305
0.685292
-0.604452
-0.125012
0.343522
-0.720864
0.668011
-0.908108
-0.265261
0.111871
0.129648
-0.070533
-0.589177
0.578706
0.552092
-0.615850
-0.506238
-0.676970
-0.520834
0.261109
-0.394803
-0.758627
0.121988
0.272381
0.972230
0.718446
0.880420
-0.111368
-0.475611
-0.125449
-0.538066
0.055879
0.328143
0.845005
-0.423073
0.629997
-0.353641
0.455333
-0.795366
0.625074
0.111967
0.278741
0.991433
0.283630
-0.365288
-0.407697
0.416882
-0.947659
0.027091
-0.447667
0.003460
-0.213857
-0.946301
0.418166
-0.030809
-0.564804
-0.613240
0.073544
0.881311
-0.105985
-0.484645
0.612669
0.134500
-0.322738
0.562355
0.765609
0.411925
-0.784366
-0.206771
0.723957
-0.322960
0.843578
0.873090
0.441993
0.274296
-0.729577
0.822325
0.721889
0.548102
0.118416
0.628746
0.676272
0.435778
-0.493704
0.525706
0.991426
-0.610595
0.266546
-0.247874
-0.983104
0.044546
0.816074
-0.829589
0.823696
0.937114
-0.171030
0.826138
-0.393469
-0.602852
0.490922
0.343080
-0.874400
0.317352
0.994980
-0.899315
-0.904100
-0.700804
-0.987897
0.449936
-0.811880
-0.222088
-0.047091
0.522332
0.865965
-0.327732
0.842334
-0.160765
0.747832
0.360081
-0.773935
0.754689
-0.394003
-0.766062
-0.476508
-0.546101
0.070922
0.728703
0.835860
0.583272
0.170515
0.058712
-0.729112
-0.019217
-0.945466
0.761533
0.801630
-0.397437
0.570108
0.025727
-0.479626
-0.194787
-0.288563
0.615128
0.784950
-0.750878
0.453941
0.968314
0.205781
0.743548
0.289961
0.540913
0.021304
0.499219
-0.020023
-0.314988
-0.995427
0.091647
-0.975860
0.263307
0.905176
-0.235445
-0.179738
0.083945
0.681966
0.286358
-0.667425
-0.936481
-0.029253
0.945290
-0.912316
0.451075
-0.879473
-0.191733
0.249497
0.953757
0.584002
-0.486211
0.451181
-0.569692
-0.574773
-0.894926
-0.456064
-0.888319
0.731330
0.465407
-0.312727
0.911271
0.459204
-0.047534
-0.208889
0.863374
0.624535
-0.220623
0.974898
-0.791138
-0.073649
0.157927
-0.517471
-0.015030
0.326579
-0.967127
0.366859
-0.178348
-0.336319
0.534763
-0.319659
0.829904
0.775301
0.380592
0.818967
-0.849677
0.903390
-0.784396
-0.422143
-0.400221
0.650951
0.918288
-0.423204
0.843872
-0.485942
-0.304731
-0.223228
0.499275
0.134455
-0.697728
-0.530679
0.698739
0.760845
-0.241369
0.114917
-0.756861
0.991061
0.783677
-0.098634
0.808334
0.006183
-0.390176
0.028776
-0.664971
-0.011034
0.116652
0.089896
0.830998
-0.270265
0.189444
0.948039
-0.389480
0.594009
-0.493043
-0.978255
0.910800
-0.181106
-0.189116
-0.370278
-0.989100
0.783215
0.076975
0.942944
0.723852
0.497603
-0.482670
-0.654122
0.384741
0.522047
-0.564738
-0.793010
-0.428279
-0.133316
-0.126446
-0.471481
0.115094
-0.987993
0.184844
0.100043
-0.372370
0.821990
-0.956714
-0.727190
-0.892245
0.319727
0.338649
-0.110922
-0.447399
0.292974
0.252169
-0.689389
-0.866774
-0.440668
-0.722431
-0.773236
-0.742980
-0.949841
-0.783377
0.728334
-0.882174
-0.132606
-0.425223
0.366844
0.512234
-0.446465
-0.518690
0.131665
0.186763
0.932606
0.350372
-0.630469
-0.791875
0.907697
-0.257342
-0.250875
-0.315908
-0.683042
0.372990
-0.613752
-0.656380
0.649625
0.803929
0.439466
-0.527712
-0.544976
0.531442
0.430051
0.244245
-0.835686
-0.026220
-0.152613
-0.470043
-0.083259
-0.151852
-0.211830
-0.757228
-0.983302
0.219086
0.037393
-0.171764
0.514033
-0.683028
-0.900756
-0.718168
0.548120
0.176997
-0.086517
0.559853
0.609901
0.133213
0.599768
-0.164134
0.422685
0.072630
0.746326
0.952495
-0.739456
-0.795557
0.830684
-0.376654
0.741886
0.774312
0.507297
-0.514407
0.742166
0.515269
-0.005210
-0.041601
-0.593912
-0.122447
0.931895
0.412772
0.099514
-0.447774
-0.896511
-0.690998
-0.024084
-0.499255
0.417479
0.600412
-0.394857
-0.498422
0.466816
-0.982592
0.491006
-0.974683
0.725008
0.615340
0.055304
0.754721
0.343139
0.004169
-0.852963
-0.197732
-0.508749
-0.275840
0.518360
-0.303674
-0.314285
-0.141921
0.608694
0.599623
-0.678515
-0.841775
0.382529
-0.464417
0.976669
0.044722
0.044666
0.688221
-0.750331
-0.367690
0.638118
-0.246795
-0.957630
-0.499446
-0.505319
-0.015233
0.315139
-0.807044
0.055937
0.423335
-0.731709
0.156311
-0.684953
-0.151127
0.256912
-0.667254
-0.190180
0.218862
-0.302764
-0.496745
0.819592
-0.991917
-0.368987
0.832398
-0.070423
-0.280445
0.723789
-0.489175
-0.279603
-0.396449
-0.159118
-0.127661
-0.977752
-0.497107
0.810617
0.911400
-0.505830
-0.235060
-0.879478
-0.187868
0.853070
-0.752033
0.407553
0.615694
-0.881510
-0.894740
0.155543
-0.389926
0.068800
0.897274
-0.880885
-0.490374
0.728158
0.738467
0.871903
-0.101222
-0.917714
0.301832
0.905537
0.617789
0.136773
-0.016602
-0.299352
0.470107
-0.293561
-0.351136
0.176056
0.438838
-0.566944
-0.247108
0.727904
-0.970068
-0.201584
0.300030
-0.750709
-0.272021
-0.359132
0.678380
0.304850
0.110963
-0.484133
-0.163157
-0.081683
-0.403864
0.452986
0.656332
0.000700
-0.008919
0.018029
-0.496932
0.208929
-0.346616
-0.057575
0.191313
0.480251
-0.741436
-0.937896
0.688041
0.371088
-0.668206
0.633206
-0.995036
0.674390
-0.566979
0.287155
0.959739
-0.832863
-0.654118
-0.055112
0.356837
0.839471
-0.578744
-0.289193
-0.118004
-0.606525
-0.094032
0.201916
-0.339413
0.906978
0.568725
-0.970302
0.690218
-0.858412
0.306397
0.573295
0.511614
-0.721366
0.314340
-0.957833
0.071336
0.410126
-0.537677
-0.111763
0.488347
-0.783481
0.989348
-0.414463
-0.556949
0.715665
0.813601
-0.587319
-0.298274
0.258084
0.680757
-0.787598
0.735893
-0.270603
-0.765431
0.321127
-0.587152
-0.220011
0.783862
-0.918238
-0.907349
0.976360
0.086387
0.231465
0.080357
0.804178
0.789801
0.513206
0.639108
0.723910
0.860237
0.596592
-0.417317
-0.324719
0.742106
-0.406543
-0.445529
0.741008
-0.041141
0.428970
0.462023
-0.199671
0.249729
-0.222483
-0.443862
-0.237487
0.546465
-0.310540
-0.264314
-0.504308
-0.878215
-0.687451
0.658966
-0.682887
0.026030
-0.342960
-0.020767
0.739876
0.770905
0.117799
0.018821
-0.256582
-0.760583
-0.305567
-0.202381
0.452894
-0.720726
0.595659
0.819000
-0.443935
0.658855
0.333082
-0.329525
-0.132950
0.590351
-0.231577
0.865160
0.174457
-0.055282
0.079679
0.059015
-0.338260
-0.701984
0.276530
-0.829830
-0.037954
0.045700
-0.532887
0.368086
-0.842446
0.319011
0.567608
-0.562183
0.288747
-0.389045
0.124871
-0.099001
0.008260
-0.955991
0.316031
-0.882616
-0.956796
-0.426795
-0.120742
0.844480
-0.100273
0.962788
-0.652338
0.209400
0.783139
-0.995165
0.490325
-0.305379
-0.895151
-0.216626
-0.047192
0.698956
-0.936159
0.506329
-0.786549
0.979910
-0.485699
0.580513
-0.656698
-0.501628
-0.389733
0.034450
0.409041
-0.400824
-0.532300
-0.065231
-0.716693
-0.583479
-0.094114
0.290247
0.273660
-0.767484
0.212855
-0.350077
-0.397059
0.682597
0.651501
0.313799
-0.553882
-0.425569
0.295524
-0.665673
-0.857074
0.925980
-0.326302
-0.831850
-0.513616
0.735318
-0.786306
0.255396
0.533535
-0.970158
0.655040
-0.754421
0.256615
0.014977
-0.670789
-0.869029
-0.899848
0.520949
0.273178
-0.278792
-0.910236
0.458802
-0.158233
0.120092
0.652190
0.560340
-0.506426
0.408389
-0.374071
-0.697672
0.772670
0.427276
-0.509751
-0.353327
-0.362676
0.522990
0.824408
0.030546
0.695989
0.041478
0.300571
-0.344590
-0.592265
0.544333
-0.512834
0.988803
-0.720041
-0.867342
-0.635695
-0.466365
-0.852787
0.728716
0.038417
-0.362205
-0.090101
-0.917414
-0.718910
-0.995385
-0.198205
0.722489
0.395608
0.548797
0.127372
-0.554224
-0.539214
-0.506695
0.036036
-0.420381
-0.018717
-0.191141
-0.103313
-0.898347
0.629440
0.866602
0.655216
0.720196
0.300384
-0.273609
-0.049552
0.919433
-0.848422
-0.980767
-0.365241
0.262067
0.816266
0.507225
-0.037629
0.890730
0.715145
0.023047
0.346424
-0.578815
-0.987765
0.074564
-0.680257
-0.626083
0.406734
0.658935
-0.007998
0.657535
-0.008071
0.521222
-0.226363
-0.453889
0.169284
0.859143
-0.687600
0.162515
0.427904
0.287319
0.231075
-0.781031
-0.945615
-0.320698
-0.201094
0.854655
0.501597
0.745135
-0.212171
-0.235983
0.860403
-0.527180
-0.096512
-0.502560
0.872414
-0.920960
0.445993
0.741299
-0.824087
-0.453234
-0.242561
-0.234346
0.777298
-0.465729
-0.197966
-0.477761
0.921448
-0.164759
-0.369606
0.156328
0.117439
0.606298
0.533377
-0.936189
0.768198
-0.315892
0.011998
-0.215327
0.960550
0.354421
-0.382769
0.425022
-0.128281
0.363615
0.592944
-0.995079
0.755312
0.273816
-0.041185
-0.002022
0.948205
0.252650
0.131849
0.749498
0.356267
0.854984
-0.019421
-0.487823
0.540269
0.354411
-0.604266
0.843597
-0.029450
0.439735
-0.544959
-0.343622
-0.880200
0.363448
0.946352
-0.655952
-0.783135
0.276117
0.479037
0.049743
0.664085
-0.847481
0.763485
-0.789135
0.113529
-0.336600
-0.911687
0.971816
0.228807
0.459762
-0.551790
-0.522223
-0.997159
0.862520
0.542188
-0.498817
0.316415
0.266092
-0.350182
0.813935
0.127558
0.331916
0.797112
0.423984
-0.361004
-0.798923
-0.312444
0.752281
-0.567251
-0.827726
-0.472937
0.181210
0.327160
-0.076621
0.924260
0.740324
0.214648
-0.732311
-0.624027
-0.962322
-0.424580
-0.897825
-0.082390
0.953372
0.469257
0.325296
-0.200896
0.839799
-0.046192
-0.896759
0.500491
0.929886
-0.084194
0.726898
0.889249
-0.693253
-0.996668
0.727645
-0.736622
-0.728698
0.806663
0.728955
-0.896895
-0.267969
-0.668069
0.934981
-0.321163
-0.452440
-0.937557
-0.113579
-0.960966
-0.583638
0.602089
-0.036691
0.825023
0.598102
-0.168791
-0.762547
-0.104191
0.991226
0.804757
0.060161
0.791075
-0.921763
0.882178
0.805211
-0.842174
0.963579
-0.634421
0.625383
-0.838502
0.822288
-0.449460
0.927019
0.029226
-0.325910
0.844453
0.317577
0.341971
0.489046
-0.639528
0.145362
0.515829
-0.721786
-0.964172
-0.927991
0.127081
0.190031
0.954038
0.123972
0.035296
0.817247
0.532312
-0.484724
-0.469362
-0.901567
0.298578
0.409409
-0.647264
-0.304186
0.591220
-0.414111
-0.337880
-0.604077
-0.107029
0.599423
0.317956
-0.191985
-0.448506
0.724551
0.327612
0.973242
0.066779
0.440597
0.070274
0.808077
-0.095765
0.379796
-0.830113
-0.817486
0.295615
-0.008876
0.198608
0.463839
0.122429
-0.167766
0.011374
0.076231
-0.811873
0.497666
-0.346760
0.919896
0.699710
0.123830
0.075412
-0.067546
0.088281
-0.015402
0.722717
-0.963009
0.636827
0.295188
0.674701
-0.273647
-0.111753
0.121230
0.529764
0.098962
-0.659182
0.099071
0.529135
0.787257
0.955104
-0.095695
0.220293
-0.477033
0.810521
0.505321
-0.810426
0.348050
-0.544306
-0.380691
0.510406
0.214932
0.941061
0.267454
-0.654472
-0.912387
0.826567
0.978452
0.933214
0.903979
-0.680426
0.228958
0.640974
0.586969
0.046288
-0.917874
0.924548
-0.592083
0.611061
0.335805
-0.269918
-0.742779
-0.584664
0.603509
-0.262908
-0.907714
-0.083212
0.565814
0.898252
-0.345568
0.359061
0.501233
-0.966384
0.149219
0.584521
0.601267
0.908442
-0.128747
-0.905840
-0.327672
0.982250
0.887919
-0.914143
0.456801
-0.393483
-0.071352
-0.152209
0.249188
-0.660969
-0.473915
-0.116569
-0.761845
0.985839
0.115650
0.584169
-0.088748
-0.447408
-0.534543
-0.747095
-0.377442
-0.966509
-0.174999
0.981088
0.762688
-0.527405
-0.756330
-0.583876
-0.852101
0.591233
-0.518038
0.051528
-0.258179
-0.807615
-0.757431
0.129537
0.304711
-0.583666
-0.955691
-0.796100
-0.282460
-0.904229
-0.967478
0.443036
-0.086142
0.443970
-0.790329
-0.210967
-0.900383
-0.841229
0.426707
0.207314
-0.548664
-0.138871
-0.978931
-0.697357
0.741526
0.699820
-0.089691
0.954469
-0.822876
0.219987
0.893936
0.338289
-0.009562
-0.664261
-0.214632
0.148562
0.166700
0.732350
0.074721
0.926379
-0.566592
-0.409705
-0.230946
0.167884
0.943202
0.332974
-0.603110
0.830691
-0.831677
0.804472
0.709483
-0.809604
-0.037275
-0.936048
0.957740
-0.146306
0.616530
0.734864
0.988752
0.331763
0.290618
0.769092
0.336001
0.074836
0.766212
-0.541985
0.832341
-0.648122
-0.428842
-0.167486
-0.593838
-0.079954
0.130196
-0.591724
0.557657
0.050903
-0.595224
-0.464217
-0.580223
0.245100
-0.510074
0.661684
-0.648472
0.117334
-0.570608
0.451584
0.636055
-0.141754
0.026539
0.885200
0.006560
0.432472
0.756097
0.152113
0.578874
-0.638136
-0.899671
-0.608933
-0.962889
0.374543
0.458249
0.302057
0.197756
0.860556
0.426824
-0.191508
-0.318141
0.844720
-0.790781
-0.386169
0.394047
0.856892
-0.000756
0.946234
0.756361
0.502857
-0.853097
-0.691085
-0.034784
0.568955
0.915228
-0.174576
-0.381588
0.035044
0.666978
-0.384277
-0.375429
-0.444599
-0.279425
-0.339831
0.822412
0.691547
-0.032060
0.313975
-0.830066
-0.674803
0.260378
-0.317751
0.820765
-0.293580
0.366169
-0.451232
0.794759
0.614555
0.605804
-0.007729
-0.562250
0.397530
-0.315720
0.338847
0.594436
-0.060624
-0.185335
-0.266397
0.338919
-0.876827
-0.237834
-0.304172
0.776110
0.072259
-0.414894
-0.189870
-0.251653
-0.571453
-0.080835
-0.713159
0.431438
0.368414
-0.152158
-0.118466
0.542040
-0.108151
0.676649
-0.138869
0.898059
-0.165327
0.997919
0.506022
0.852463
-0.821107
0.701963
0.285229
0.691951
0.379505
-0.244339
-0.273446
0.265747
-0.398093
0.206080
-0.604846
0.396427
0.587305
-0.125371
-0.859389
0.027896
0.498720
-0.214762
0.863260
0.437592
0.016982
0.503805
-0.509046
0.361939
0.711947
-0.444101
0.672158
0.336927
0.346671
-0.647211
-0.061353
0.806787
-0.889456
0.221316
0.069213
0.216570
-0.147839
0.829730
0.489927
-0.564023
0.759687
0.308974
-0.055799
-0.308692
-0.142543
0.778155
-0.575218
-0.766529
-0.823034
-0.490869
-0.886305
0.332374
-0.553923
-0.691029
-0.646227
0.137877
0.736823
0.545306
0.092752
-0.028102
0.280711
0.746313
-0.665005
-0.759180
0.434570
0.758141
-0.524347
-0.485880
-0.747381
-0.142266
0.568039
-0.280147
-0.557538
0.985887
-0.498227
0.485423
0.707838
0.487976
0.211519
-0.445206
-0.521253
-0.805646
0.403449
0.876130
0.531566
-0.737539
-0.270526
-0.595533
0.247473
-0.292849
0.348138
0.531730
0.424309
0.098808
-0.251498
0.281917
0.966537
-0.818351
-0.815255
0.026054
-0.208358
-0.184085
-0.729171
-0.306947
0.610736
0.267549
0.592777
-0.985150
0.818985
0.652913
-0.232739
0.794737
-0.588900
-0.896216
-0.965836
-0.687845
-0.581646
-0.653077
-0.651548
-0.792514
-0.559821
-0.081938
-0.725687
0.050041
-0.953429
-0.339215
0.637783
0.547630
-0.568092
-0.355272
-0.218747
0.291878
-0.915047
0.888790
-0.321224
-0.607408
0.571310
0.151911
-0.756434
0.938921
-0.095094
0.103968
0.055229
-0.408427
-0.696988
0.953208
-0.806817
-0.716129
-0.116112
-0.288460
-0.731064
-0.318381
-0.585214
0.685869
-0.964518
-0.051511
-0.775502
0.483078
-0.295944
-0.233137
0.310952
-0.908667
0.965158
0.782271
-0.452135
-0.588290
0.597944
-0.342952
-0.073141
-0.328917
0.967708
0.902730
0.672029
0.471932
0.460459
0.383153
-0.041134
-0.724454
0.849690
0.773069
-0.448372
0.214357
0.278108
-0.837697
-0.785678
0.167309
-0.547043
-0.625764
-0.544153
-0.498929
-0.915037
-0.312283
0.358709
0.967853
0.021079
0.605955
0.925701
0.722280
-0.308283
0.408776
-0.282032
0.088070
0.646123
0.295910
0.308474
-0.981724
0.681204
-0.562734
0.669255
-0.751687
-0.853958
-0.736959
-0.325419
0.275552
0.869904
-0.727663
0.260412
0.758796
-0.177287
0.008505
-0.148313
0.524624
0.732772
0.572805
-0.632991
-0.907639
0.675387
-0.415206
-0.659276
0.716266
-0.455327
-0.201501
0.349011
-0.288380
0.612001
-0.697089
-0.253096
-0.003420
0.789425
0.881704
-0.609496
-0.330514
-0.670533
-0.584140
0.114625
-0.119181
-0.879271
0.464382
-0.763387
0.641464
0.896126
-0.687697
0.771909
0.122708
0.878268
0.717769
-0.021523
-0.665337
0.641534
0.978135
-0.117351
-0.584544
-0.461728
-0.526882
-0.944160
-0.376500
-0.941044
-0.405002
-0.755314
0.392199
-0.277883
-0.608274
0.497222
0.008538
0.476913
0.894914
0.845627
0.362940
-0.809792
0.158784
0.950639
-0.801985
-0.281914
0.840460
-0.489282
0.085726
-0.657373
-0.066571
-0.796158
-0.021395
-0.071360
-0.959684
0.183889
0.158166
0.239313
0.620146
-0.900767
0.199547
-0.388826
0.780092
-0.727333
-0.645273
-0.656729
-0.544856
0.230124
-0.772133
-0.692731
-0.066968
0.671438
-0.134746
-0.591852
-0.899297
-0.696439
0.324701
-0.659741
-0.963373
0.970611
0.228220
0.679511
-0.139006
0.117114
0.068400
0.357044
-0.084460
-0.907370
0.939233
-0.733805
0.008158
0.340188
0.484490
0.437652
-0.706628
0.912471
0.722144
0.204957
-0.498383
0.671999
0.746454
0.571448
-0.942476
-0.557212
-0.835145
-0.963306
0.278738
0.505872
0.057328
-0.715655
-0.648213
-0.127707
0.788798
-0.342931
-0.600679
0.860432
0.358110
-0.192231
0.095958
0.412392
0.959540
-0.566174
-0.174032
-0.998493
-0.116778
0.233997
-0.517331
0.308940
-0.816461
-0.438117
-0.704924
-0.271365
0.854195
0.068821
-0.213038
-0.789035
0.930300
0.984780
-0.415511
-0.360435
-0.727861
-0.297280
0.979851
0.026276
0.977669
-0.253750
-0.989527
0.925932
0.011290
-0.185179
0.475967
-0.455247
0.670577
-0.837465
-0.484180
0.722778
-0.324339
0.542768
-0.562841
-0.181098
-0.842797
-0.312427
0.040038
-0.967656
0.608258
0.849580
0.872951
-0.509509
-0.076134
0.798595
0.455126
-0.772354
0.946871
-0.213701
-0.660542
-0.201143
0.170353
-0.335664
-0.900066
-0.738281
0.543846
-0.207584
-0.494369
-0.039675
0.935934
-0.130817
-0.719708
0.521847
-0.132757
-0.388807
0.913347
0.703361
-0.103521
0.294091
0.064378
-0.295395
0.667108
-0.974980
-0.220072
0.602236
0.744264
-0.893078
0.568248
-0.748281
0.936915
0.642191
-0.727039
-0.066037
0.713249
-0.834146
0.783864
0.385850
-0.632520
0.623711
-0.603785
0.863271
0.697366
-0.834966
0.598961
0.701104
0.279664
0.386139
-0.311154
-0.277934
-0.451844
0.179722
0.758379
0.782991
0.976442
0.273268
-0.367351
-0.486865
0.106731
0.595628
0.094921
-0.758432
-0.359974
0.927211
0.947809
0.730967
0.537196
-0.172016
0.476261
0.421433
-0.982323
0.825359
0.831239
-0.019660
0.016663
0.643662
0.872700
-0.513830
0.512937
0.841599
0.062656
0.956710
-0.516745
0.895426
0.395669
0.412219
-0.988441
-0.936329
0.576072
-0.219232
0.619979
-0.295681
-0.690340
-0.994595
0.603868
0.283343
0.419570
0.266376
-0.975253
0.862341
-0.521339
-0.166239
-0.487862
-0.666981
0.941442
-0.319056
0.538217
0.054099
-0.424249
0.670473
-0.093492
-0.153856
-0.806131
-0.771096
0.274323
0.639032
0.365805
-0.756795
0.370224
0.966152
0.690011
-0.126913
-0.967641
0.076103
-0.013309
-0.212271
0.700392
-0.780722
0.746393
-0.887123
-0.460573
-0.226300
-0.775298
0.783174
0.593128
-0.093408
-0.603578
-0.488635
0.706866
0.036890
-0.665955
-0.413243
0.458492
0.928698
0.254217
-0.774400
0.793484
0.698875
-0.983796
0.613112
0.231375
-0.107530
-0.700617
-0.943423
-0.008696
-0.300193
-0.081915
0.359786
-0.907401
0.581462
0.330060
0.140460
-0.193638
0.141731
-0.678616
-0.568102
0.274547
0.180555
-0.271798
0.580180
-0.669402
0.044855
0.566550
0.625260
0.693126
0.005965
0.013784
-0.853268
-0.014241
-0.357289
-0.956695
-0.140098
-0.601024
-0.108218
0.277589
-0.153315
-0.248053
-0.143130
-0.703818
0.977646
0.688852
0.012495
0.130035
-0.477219
-0.552310
0.422938
-0.759898
0.808847
-0.676703
0.766257
0.172589
0.209073
-0.495518
-0.756966
-0.451927
-0.210027
0.204292
-0.060439
-0.038305
-0.549878
-0.372165
0.900380
-0.844101
0.507015
-0.590145
-0.919918
0.886214
0.506981
0.355097
0.191360
0.970696
-0.859904
0.783801
0.509315
-0.458000
-0.845119
0.832496
-0.962228
0.764488
-0.532409
-0.181940
0.756787
0.836827
0.094969
0.013782
0.095094
-0.732337
-0.840534
-0.685153
-0.203040
0.628217
-0.973318
0.007103
0.449109
0.609242
-0.054066
