0.519715
0.295002
0.097279
0.266678
0.010544
0.822778
0.051871
0.903986
0.895915
0.788336
0.129912
0.768070
0.704171
0.419454
0.347421
0.428259
0.052065
0.951528
0.678454
0.430134
0.676239
0.304386
0.990951
0.280190
0.352517
0.905250
0.489904
0.857983
0.301436
0.701009
0.353278
0.515993
0.852529
0.554686
0.685727
0.219981
0.237732
0.090077
0.732739
0.115549
0.438792
0.567685
0.694118
0.122772
0.703105
0.644411
0.953049
0.461725
0.627925
0.336561
0.001230
0.675618
0.080909
0.467644
0.135961
0.898905
0.603992
0.503450
0.892257
0.293665
0.450002
0.651744
0.098480
0.208629
0.129879
0.040056
0.101732
0.370071
0.481369
0.996290
0.420909
0.192084
0.361783
0.323011
0.321755
0.849402
0.554752
0.174809
0.614615
0.379636
0.928629
0.875604
0.135365
0.213003
0.083390
0.234064
0.104486
0.529199
0.121681
0.720310
0.468886
0.215195
0.070859
0.676869
0.773442
0.429968
0.476196
0.732433
0.551246
0.228295
0.154728
0.138934
0.888507
0.725484
0.520344
0.453626
0.015507
0.012868
0.058824
0.771840
0.746241
0.534337
0.507380
0.833999
0.212206
0.693262
0.524654
0.626148
0.500330
0.423350
0.797427
0.009903
0.545796
0.899301
0.712508
0.436885
0.872948
0.681186
0.237992
0.438954
0.577479
0.817132
0.964413
0.515294
0.794913
0.485416
0.815619
0.405275
0.518091
0.966034
0.975716
0.689347
0.374142
0.228992
0.885717
0.062332
0.800163
0.565328
0.322744
0.229318
0.019265
0.709997
0.210054
0.196299
0.419847
0.958742
0.565253
0.244226
0.018622
0.551530
0.141166
0.367534
0.493326
0.705904
0.013484
0.933727
0.649957
0.867633
0.758995
0.588155
0.226266
0.574404
0.194986
0.730914
0.291850
0.117947
0.896306
0.374344
0.418343
0.205702
0.015470
0.464576
0.783153
0.525437
0.396142
0.720991
0.660489
0.413927
0.114026
0.069083
0.427286
0.838891
0.672511
0.713223
0.293482
0.522681
0.058355
0.974379
0.319467
0.383657
0.613408
0.338018
0.400044
0.129372
0.896787
0.919945
0.385485
0.647664
0.972070
0.148850
0.279813
0.574505
0.658789
0.179677
0.048700
0.693865
0.667983
0.936004
0.783828
0.582096
0.263831
0.004688
0.260877
0.707312
0.013240
0.498500
0.527692
0.631222
0.621889
0.164737
0.374233
0.332696
0.890486
0.110241
0.334077
0.354929
0.194378
0.247224
0.011969
0.688201
0.810697
0.318262
0.259706
0.524871
0.760382
0.552183
0.548211
0.176830
0.153579
0.113010
0.979409
0.085564
0.827556
0.629040
0.287324
0.864734
0.503943
0.436411
0.132481
0.645243
0.650891
0.027479
0.082304
0.637798
0.491381
0.723539
0.218748
0.644575
0.141891
0.885829
0.590857
0.527236
0.933561
0.858449
0.924930
0.958905
0.701117
0.774922
0.190692
0.019304
0.163528
0.152862
0.551947
0.428580
0.071053
0.123052
0.064973
0.756711
0.613936
0.064575
0.118851
0.114687
0.009863
0.603389
0.302329
0.882628
0.365537
0.848132
0.832927
0.611321
0.591121
0.565892
0.384661
0.654627
0.937762
0.537463
0.742681
0.876581
0.541759
0.953098
0.102662
0.309944
0.871216
0.385682
0.434788
0.608124
0.731376
0.682002
0.496618
0.114635
0.055830
0.490993
0.304248
0.551054
0.847543
0.690094
0.339878
0.418404
0.158113
0.915238
0.801089
0.618810
0.697378
0.648502
0.637440
0.628377
0.415235
0.491780
0.486944
0.565489
0.546986
0.284693
0.255620
0.097958
0.507184
0.006634
0.536558
0.840739
0.926255
0.427932
0.252378
0.256965
0.175679
0.387095
0.791578
0.997110
0.208167
0.225428
0.984901
0.877521
0.336583
0.800358
0.509599
0.107076
0.130337
0.999550
0.591317
0.050327
0.005259
0.429618
0.390007
0.135401
0.708532
0.061962
0.684217
0.185517
0.823638
0.893940
0.626971
0.769093
0.536024
0.140023
0.025157
0.894336
0.627773
0.827253
0.750683
0.615955
0.323484
0.152648
0.617400
0.028501
0.324040
0.774276
0.923457
0.708319
0.312011
0.586822
0.038693
0.367584
0.805113
0.684246
0.157491
0.015011
0.978119
0.488677
0.505824
0.036557
0.439618
0.780875
0.354203
0.822556
0.337536
0.003383
0.890537
0.042694
0.565804
0.251447
0.027142
0.204270
0.434117
0.600779
0.210124
0.769805
0.448171
0.012817
0.039873
0.468588
0.244752
0.753638
0.842937
0.830940
0.523273
0.132035
0.348845
0.555676
0.029252
0.722904
0.793792
0.889117
0.043389
0.044336
0.737307
0.460671
0.984893
0.117348
0.010640
0.236570
0.030674
0.084328
0.704910
0.162481
0.796459
0.973538
0.378094
0.832213
0.764589
0.504744
0.389472
0.483955
0.179724
0.202195
0.549591
0.724277
0.807371
0.959784
0.448608
0.246444
0.007650
0.835317
0.082637
0.807226
0.544079
0.349123
0.277385
0.307916
0.434381
0.647472
0.948877
0.564236
0.180354
0.268529
0.646285
0.874030
0.734954
0.039679
0.376877
0.664818
0.158875
0.854506
0.847019
0.893368
0.672533
0.265372
0.912590
0.377657
0.353628
0.721907
0.161158
0.653848
0.305283
0.713702
0.540432
0.603116
0.392461
0.135566
0.620044
0.520880
0.569775
0.913987
0.615860
0.575309
0.937830
0.969401
0.893152
0.995099
0.316777
0.880595
0.087322
0.556516
0.941333
0.719263
0.721016
0.853955
0.026396
0.773155
0.059587
0.611744
0.645680
0.096404
0.204395
0.737266
0.800305
0.378381
0.101572
0.367409
0.626978
0.604283
0.326816
0.638785
0.226180
0.995468
0.760405
0.283184
0.188357
0.944916
0.471091
0.913924
0.300043
0.159022
0.227201
0.444520
0.613104
0.202174
0.507040
0.293133
0.252899
0.018988
0.895812
0.419388
0.681759
0.476920
0.046486
0.424247
0.683148
0.748144
0.109701
0.764529
0.241467
0.662726
0.807661
0.481728
0.244459
0.073864
0.802887
0.224440
0.857556
0.637497
0.092204
0.250570
0.645013
0.685701
0.191378
0.477519
0.416932
0.181352
0.096104
0.285153
0.163795
0.480835
0.852269
0.451328
0.406635
0.613866
0.150568
0.274191
0.863150
0.550294
0.410122
0.487374
0.168059
0.051646
0.331805
0.604727
0.695816
0.462281
0.790837
0.257908
0.002433
0.696311
0.736211
0.948582
0.930394
0.653890
0.526690
0.167570
0.809989
0.958912
0.556015
0.637394
0.649202
0.799915
0.013285
0.637512
0.929598
0.168719
0.304325
0.265169
0.616177
0.575235
0.060322
0.837616
0.962020
0.012105
0.360168
0.769866
0.749175
0.449409
0.627604
0.778177
0.420743
0.223010
0.064197
0.959787
0.407238
0.823242
0.277826
0.337872
0.457386
0.757882
0.999476
0.826924
0.097528
0.511110
0.363253
0.282334
0.236183
0.509065
0.993523
0.980755
0.003874
0.868322
0.464855
0.521546
0.556170
0.739795
0.807175
0.304297
0.843051
0.629836
0.104694
0.990301
0.417513
0.641258
0.968217
0.811797
0.426011
0.253790
0.886312
0.813106
0.054764
0.998129
0.119620
0.766643
0.117833
0.168976
0.308649
0.563406
0.658642
0.137198
0.826678
0.598949
0.629114
0.143554
0.628076
0.957908
0.509561
0.544780
0.258463
0.591852
0.707903
0.598824
0.920104
0.742713
0.366894
0.205605
0.828906
0.446260
0.657294
0.973446
0.546474
0.968211
0.887390
0.685217
0.824415
0.522149
0.037896
0.548869
0.283202
0.536746
0.171493
0.843667
0.546905
0.458419
0.879741
0.489569
0.363218
0.482251
0.970772
0.396461
0.444536
0.327505
0.039583
0.440433
0.167957
0.972881
0.719530
0.339849
0.106475
0.470635
0.230132
0.412431
0.417985
0.843958
0.062149
0.183944
0.159029
0.989117
0.387824
0.521397
0.406730
0.895230
0.310825
0.392696
0.033347
0.403516
0.823534
0.856830
0.710629
0.630275
0.941208
0.279463
0.325668
0.298849
0.698131
0.269273
0.314524
0.231121
0.399582
0.042649
0.487146
0.696410
0.262113
0.552200
0.254028
0.745520
0.996694
0.295474
0.293564
0.035855
0.414569
0.096556
0.469630
0.354442
0.951493
0.302143
0.843257
0.749321
0.551792
0.078112
0.483995
0.001057
0.848617
0.803053
0.890853
0.133877
0.144035
0.034515
0.558110
0.482879
0.786049
0.948243
0.783574
0.734677
0.999084
0.141187
0.636422
0.963769
0.438774
0.627220
0.605730
0.635050
0.991529
0.363431
0.058523
0.059243
0.631331
0.473879
0.705049
0.750271
0.021345
0.187213
0.033702
0.142805
0.917804
0.802104
0.531121
0.273299
0.106720
0.072290
0.483039
0.009816
0.139018
0.529274
0.692250
0.548201
0.171003
0.371362
0.886396
0.677181
0.284193
0.327734
0.916438
0.337965
0.237762
0.188401
0.541787
0.835171
0.681912
0.524873
0.643990
0.087758
0.808487
0.019698
0.973288
0.499083
0.176163
0.072795
0.427849
0.115760
0.821014
0.386412
0.502378
0.043606
0.586029
0.558453
0.641552
0.045012
0.105331
0.144922
0.761589
0.336099
0.470822
0.030353
0.819653
0.564282
0.450274
0.003467
0.172278
0.136943
0.615551
0.988325
0.341607
0.707142
0.098048
0.525556
0.496069
0.797389
0.270549
0.865562
0.973855
0.730868
0.380539
0.376781
0.781407
0.311123
0.209120
0.654060
0.332786
0.997664
0.213266
0.290471
0.384875
0.676226
0.915602
0.745625
0.971632
0.313586
0.210828
0.904988
0.204091
0.389193
0.515559
0.963937
0.404455
0.279179
0.484822
0.327055
0.657509
0.525121
0.545069
0.462567
0.747240
0.868872
0.466520
0.950303
0.989971
0.083821
0.382749
0.353875
0.009361
0.404924
0.202703
0.363880
0.735260
0.433322
0.159748
0.797030
0.672042
0.865056
0.439762
0.809172
0.154855
0.935263
0.940752
0.324808
0.922191
0.444296
0.461711
0.985105
0.697177
0.477299
0.314317
0.763913
0.940231
0.124921
0.444328
0.809727
0.827086
0.136788
0.034128
0.717952
0.191328
0.081213
0.970423
0.850009
0.484746
0.524524
0.601638
0.785422
0.917406
0.921862
0.844435
0.960917
0.476579
0.439360
0.559301
0.467026
0.319559
0.403667
0.614557
0.957581
0.580985
0.898366
0.770541
0.724492
0.594130
0.049681
0.377943
0.110086
0.108303
0.365229
0.706757
0.418233
0.380494
0.316298
0.075577
0.094354
0.755983
0.839186
0.676506
0.214471
0.210032
0.709201
0.274750
0.442497
0.368732
0.050658
0.639981
0.101805
0.290791
0.015525
0.691981
0.022931
0.102598
0.974488
0.425794
0.049740
0.453111
0.223800
0.578227
0.110915
0.474022
0.022447
0.630464
0.134477
0.542355
0.287624
0.259881
0.682299
0.172671
0.141582
0.845746
0.234290
0.950263
0.026719
0.124386
0.475449
0.299208
0.712412
0.622149
0.850928
0.996892
0.398839
0.449107
0.619251
0.737926
0.220242
0.952156
0.882529
0.912622
0.430909
0.046883
0.635417
0.404254
0.275763
0.194719
0.190906
0.265243
0.448383
0.670883
0.336127
0.828467
0.992481
0.010901
0.683041
0.784258
0.960531
0.020307
0.177231
0.943777
0.450963
0.579684
0.330106
0.231614
0.559276
0.846123
0.311306
0.451771
0.455211
0.178796
0.386194
0.252202
0.794195
0.942674
0.697069
0.424419
0.024947
0.789902
0.849030
0.133542
0.924013
0.303708
0.654254
0.539106
0.218151
0.247717
0.680957
0.951071
0.772427
0.446577
0.780195
0.617530
0.875100
0.160195
0.428947
0.132436
0.273403
0.588280
0.191623
0.037123
0.845288
0.014119
0.784759
0.001396
0.858934
0.026683
0.318970
0.444271
0.051644
0.918201
0.898204
0.833552
0.486780
0.099265
0.549218
0.088177
0.421227
0.920750
0.067486
0.763172
0.370119
0.565549
0.434068
0.883160
0.614286
0.966304
0.851997
0.684098
0.221688
0.017181
0.919750
0.165412
0.207654
0.546963
0.008308
0.201559
0.099990
0.067517
0.776927
0.019770
0.752038
0.903704
0.785930
0.942812
0.371164
0.778524
0.065350
0.631891
0.030098
0.548143
0.488989
0.416833
0.516810
0.123037
0.435026
0.684950
0.128880
0.791099
0.176455
0.922428
0.693904
0.838534
0.644888
0.032258
0.649279
0.713391
0.330104
0.727247
0.614573
0.140650
0.993090
0.236664
0.414254
0.036780
0.761673
0.138329
0.660160
0.214831
0.447288
0.980035
0.827490
0.234835
0.823650
0.004507
0.812366
0.487823
0.970757
0.927426
0.752249
0.975720
0.923414
0.969498
0.090911
0.888623
0.431418
0.634766
0.562083
0.416501
0.831684
0.823956
0.566166
0.449505
0.036265
0.921934
0.341136
0.302436
0.011702
0.848124
0.456263
0.640812
0.605403
0.146588
0.145180
0.553219
0.984098
0.620913
0.688954
0.087186
0.447349
0.513734
0.906773
0.053035
0.088104
0.021088
0.637905
0.432048
0.937479
0.410795
0.141726
0.059522
0.341190
0.676088
0.750853
0.755365
0.772395
0.986686
0.085269
0.597643
0.940880
0.717740
0.280632
0.822094
0.728425
0.300770
0.196904
0.995976
0.040727
0.568239
0.435338
0.989780
0.592702
0.886901
0.016188
0.851344
0.103275
0.535853
0.718873
0.602018
0.590837
0.317448
0.263080
0.325836
0.985488
0.095386
0.217679
0.628559
0.061633
0.488352
0.000003
0.034889
0.908780
0.487186
0.928690
0.074950
0.991992
0.307268
0.705823
0.558880
0.527179
0.112136
0.739433
0.555239
0.256154
0.878887
0.383287
0.359436
0.484519
0.919721
0.935825
0.932736
0.387070
0.182890
0.873109
0.784203
0.396036
0.145145
0.637034
0.936535
0.743975
0.149346
0.729199
0.419331
0.355404
0.626927
0.333723
0.219047
0.799668
0.813685
0.143706
0.073064
0.494227
0.675211
0.918594
0.024450
0.427168
0.789833
0.682578
0.370085
0.548215
0.329211
0.556676
0.602731
0.950194
0.029120
0.014304
0.633643
0.320395
0.639793
0.920600
0.901559
0.838039
0.504135
0.900554
0.558600
0.871232
0.330707
0.436069
0.784252
0.349854
0.480163
0.915557
0.872690
0.422660
0.474940
0.176726
0.691028
0.067890
0.535383
0.069383
0.417214
0.981794
0.368523
0.681359
0.804125
0.966147
0.395371
0.398095
0.117656
0.780543
0.164015
0.969095
0.972034
0.050206
0.005430
0.601400
0.060204
0.170565
0.001056
0.581503
0.883137
0.089470
0.429354
0.546568
0.308321
0.139606
0.284379
0.327379
0.145687
0.763830
0.497173
0.573761
0.948423
0.986105
0.596250
0.754661
0.115257
0.757894
0.331697
0.091622
0.631573
0.112353
0.339930
0.172365
0.817317
0.636735
0.301424
0.871867
0.954822
0.199326
0.425580
0.030459
0.798120
0.085448
0.092815
0.769835
0.408298
0.640340
0.321920
0.233845
0.748898
0.453727
0.081076
0.300169
0.183567
0.586970
0.453483
0.149983
0.405782
0.381420
0.412502
0.222986
0.033442
0.569028
0.676029
0.494599
0.673453
0.475250
0.273920
0.790426
0.274914
0.066633
0.994825
0.980000
0.452048
0.899205
0.512673
0.685350
0.985516
0.901477
0.057250
0.086473
0.344402
0.485231
0.337142
0.075809
0.653052
0.340453
0.359059
0.048485
0.681871
0.675657
0.069881
0.740660
0.615384
0.716942
0.038214
0.403338
0.365139
0.000939
0.164225
0.314336
0.219191
0.465155
0.975241
0.389357
0.461330
0.851657
0.426021
0.586608
0.234455
0.714040
0.106966
0.655285
0.005947
0.174386
0.732972
0.987450
0.143511
0.530413
0.966245
0.775864
0.984784
0.958786
0.219839
0.452211
0.848944
0.726963
0.283629
0.428015
0.038471
0.459748
0.091122
0.723606
0.899804
0.353385
0.173788
0.293625
0.756771
0.569377
0.797805
0.430904
0.187838
0.602659
0.540114
0.761043
0.633074
0.350028
0.667990
0.958829
0.327652
0.433844
0.441463
0.660011
0.979880
0.174844
0.250975
0.424435
0.763615
0.910281
0.057768
0.882314
0.892116
0.415039
0.305976
0.127901
0.686082
0.135067
0.289213
0.325780
0.024467
0.046778
0.106372
0.714256
0.498308
0.173715
0.295861
0.246919
0.288372
0.748084
0.035827
0.227975
0.437729
0.849454
0.158121
0.996035
0.675858
0.458030
0.514027
0.652216
0.796822
0.568411
0.881961
0.280660
0.477288
0.764680
0.904728
0.235024
0.355698
0.069399
0.259712
0.696406
0.108248
0.717799
0.326721
0.634609
0.195947
0.216227
0.018350
0.248241
0.525631
0.008753
0.005576
0.772817
0.328254
0.875093
0.907650
0.523536
0.725935
0.638172
0.611350
0.176200
0.475801
0.885204
0.889313
0.989790
0.146366
0.845304
0.242319
0.513216
0.460336
0.158539
0.959808
0.383884
0.923410
0.738399
0.294838
0.342056
0.307026
0.264791
0.360705
0.611283
0.253123
0.659013
0.074707
0.066015
0.560538
0.903030
0.906629
0.206088
0.308971
0.364798
0.859086
0.374448
0.934114
0.362451
0.893819
0.801890
0.430321
0.642383
0.633132
0.040072
0.932953
0.714016
0.230017
0.669621
0.864591
0.142795
0.741274
0.889789
0.156482
0.970206
0.225974
0.197242
0.232999
0.161324
0.548024
0.059801
0.144499
0.320559
0.693921
0.913502
0.024600
0.282190
0.573541
0.441261
0.424219
0.780323
0.183564
0.306488
0.817190
0.282694
0.669208
0.846191
0.116313
0.188222
0.156930
0.368747
0.158021
0.947404
0.822916
0.461585
0.800132
0.897328
0.219472
0.400258
0.671629
0.401877
0.025447
0.154544
0.414818
0.951994
0.444489
0.753278
0.971678
0.334073
0.089347
0.041729
0.037565
0.873174
0.142874
0.293700
0.956384
0.155340
0.943646
0.123591
0.652648
0.930213
0.396326
0.699648
0.384173
0.162597
0.829378
0.362998
0.143384
0.123980
0.509605
0.100760
0.113258
0.447821
0.565983
0.415368
0.646997
0.315769
0.029072
0.411327
0.049138
0.886765
0.778251
0.745459
0.485936
0.207892
0.287120
0.461530
0.564753
0.457282
0.480762
0.349367
0.218231
0.171083
0.680553
0.660548
0.156334
0.608207
0.797076
0.856219
0.223105
0.278552
0.372764
0.910602
0.649432
0.068252
0.240534
0.257954
0.082755
0.706067
0.011448
0.492999
0.913927
0.102367
0.454872
0.994014
0.022697
0.188201
0.012648
0.332977
0.466687
0.792275
0.818848
0.165985
0.479266
0.664911
0.238667
0.658496
0.259117
0.863597
0.719449
0.391965
0.130177
0.137606
0.678969
0.804905
0.871811
0.852877
0.647409
0.592262
0.890915
0.617389
0.415083
0.282176
0.036748
0.388189
0.003385
0.498342
0.360320
0.276387
0.106531
0.184945
0.678473
0.669001
0.056684
0.452557
0.518435
0.077181
0.345831
0.607719
0.505131
0.138775
0.776061
0.642078
0.273065
0.175670
0.999759
0.357937
0.398437
0.004113
0.288201
0.402720
0.526615
0.740155
0.839259
0.255025
0.343782
0.852906
0.030917
0.256225
0.413450
0.683577
0.792510
0.091440
0.068453
0.646068
0.552222
0.163290
0.528689
0.951284
0.251319
0.712338
0.600109
0.714944
0.060228
0.935008
0.403063
0.886887
0.660100
0.386520
0.073879
0.085207
0.081376
0.704938
0.151942
0.978013
0.862531
0.998362
0.255595
0.093667
0.684474
0.789501
0.647261
0.283111
0.654714
0.035914
0.702219
0.354693
0.369617
0.393660
0.715853
0.924819
0.062024
0.041024
0.636486
0.633441
0.163366
0.408499
0.099329
0.117988
0.361241
0.482636
0.275022
0.847054
0.896960
0.166197
0.612386
0.191197
0.014196
0.992028
0.366913
0.971643
0.048411
0.340906
0.071752
0.901783
0.612795
0.496451
0.221748
0.532455
0.584218
0.731522
0.789668
0.871013
0.154941
0.454546
0.488510
0.052133
0.806331
0.684662
0.851933
0.311075
0.970864
0.352545
0.151031
0.311321
0.583653
0.931853
0.965562
0.177184
0.665907
0.642356
0.057920
0.691339
0.087528
0.742334
0.962446
0.404190
0.860936
0.125923
0.641736
0.747216
0.480086
0.598708
0.481935
0.566151
0.407622
0.302261
0.902996
0.329793
0.369601
0.929985
0.125537
0.265358
0.090909
0.998439
0.828523
0.958033
0.424725
0.754257
0.332634
0.054503
0.528914
0.205798
0.350363
0.422434
0.607719
0.052012
0.686592
0.719728
0.708650
0.510146
0.463823
0.845783
0.024920
0.795207
0.920447
0.097810
0.206473
0.881272
0.839200
0.276801
0.656123
0.180174
0.646183
0.120217
0.618069
0.892006
0.098541
0.970440
0.337828
0.481016
0.615357
0.707637
0.882435
0.378667
0.892614
0.168554
0.984281
0.891453
0.248631
0.985296
0.642033
0.948592
0.615090
0.864035
0.684679
0.211194
0.923877
0.121866
0.507740
0.527947
0.156000
0.949092
0.045230
0.770745
0.852216
0.160561
0.633344
0.234822
0.028185
0.201353
0.443909
0.012899
0.331378
0.174098
0.635298
0.239473
0.398547
0.931579
0.029111
0.737637
0.458366
0.375576
0.007351
0.340145
0.709255
0.748399
0.954044
0.520951
0.896064
0.124540
0.397095
0.322659
0.552578
0.239418
0.956563
0.463017
0.875254
0.506640
0.448990
0.918140
0.388282
0.311410
0.427838
0.627748
0.527409
0.855263
0.116302
0.720145
0.432161
0.250570
0.936619
0.803654
0.552179
0.694477
0.157078
0.159414
0.279157
0.887687
0.303184
0.030896
0.267724
0.755097
0.064082
0.052906
0.434806
0.884968
0.017062
0.183298
0.998916
0.570409
0.490393
0.701355
0.200647
0.476544
0.104476
0.334425
0.393600
0.756225
0.564764
0.953926
0.112607
0.370996
0.527515
0.698910
0.432069
0.682425
0.999143
0.692011
0.972821
0.703621
0.675996
0.449497
0.127567
0.527278
0.014853
0.691902
0.320097
0.257129
0.617192
0.374043
0.225359
0.971723
0.440248
0.424291
0.832289
0.490365
0.165957
0.577881
0.145584
0.985856
0.586364
0.287898
0.740655
0.754073
0.501066
0.407108
0.184584
0.950926
0.042564
0.037900
0.503129
0.383139
0.468128
0.962610
0.066181
0.774149
0.626224
0.559005
0.607074
0.724726
0.441194
0.834565
0.510664
0.250610
0.160709
0.428082
0.816776
0.332924
0.772242
0.898616
0.244000
0.490967
0.734811
0.237102
0.363050
0.450025
0.093661
0.430022
0.070082
0.157553
0.969142
0.894628
0.396856
0.070823
0.523085
0.007521
0.642203
0.637308
0.548459
0.718899
0.836238
0.715753
0.453515
0.534224
0.826406
0.754387
0.277411
0.581467
0.876567
0.843365
0.621728
0.166737
0.349373
0.640945
0.678455
0.809341
0.528769
0.444592
0.670868
0.505880
0.670592
0.292823
0.909282
0.622270
0.526580
0.185500
0.316520
0.412240
0.156282
0.563726
0.413030
0.349430
0.898160
0.924083
0.772837
0.066303
0.690231
0.391432
0.233417
0.385361
0.479337
0.908305
0.923099
0.461751
0.373730
0.914118
0.398543
0.728559
0.057570
0.865732
0.082605
0.273836
0.291161
0.372349
0.678971
0.284575
0.328572
0.954165
0.513426
0.331052
0.441392
0.673916
0.508718
0.136639
0.055117
0.396695
0.934406
0.910558
0.335800
0.750146
0.040617
0.173078
0.227602
0.620860
0.543158
0.628184
0.197082
0.824486
0.704574
0.272088
0.963496
0.897414
0.339314
0.123470
0.090879
0.689884
0.908338
0.500684
0.990204
0.876967
0.073455
0.517912
0.807250
0.976337
0.303523
0.271516
0.917207
0.164922
0.976902
0.931635
0.162009
0.199276
0.484479
0.206286
0.821503
0.008045
0.588404
0.165496
0.868356
0.907479
0.390258
0.438899
0.347925
0.563987
0.892213
0.392608
0.117140
0.124569
0.291844
0.076302
0.414108
0.008306
0.610304
0.398166
0.315635
0.650539
0.484640
0.013359
0.693258
0.157392
0.072967
0.639694
0.141884
0.791725
0.095118
0.547075
0.952374
0.511738
0.729182
0.041337
0.215549
0.750710
0.781313
0.532754
0.341415
0.060043
0.240147
0.604488
0.464000
0.815758
0.264241
0.068344
0.918213
0.779292
0.489986
0.692212
0.512504
0.405725
0.206992
0.768389
0.628626
0.962788
0.528169
0.250803
0.963490
0.551288
0.429393
0.444346
0.199714
0.995001
0.044267
0.395236
0.130136
0.850588
0.739440
0.885535
0.447409
0.236838
0.415600
0.967747
0.554201
0.606822
0.138667
0.331199
0.274806
0.028082
0.013414
0.875844
0.224279
0.480678
0.345409
0.331785
0.214537
0.768396
0.056264
0.009227
0.255178
0.594059
0.667217
0.732225
0.251459
0.261096
0.183625
0.408422
0.863372
0.371624
0.255314
0.001599
0.272033
0.099987
0.506138
0.938762
0.725263
0.155159
0.458079
0.334503
0.647692
0.974410
0.732539
0.239222
0.271933
0.804693
0.314255
0.997096
0.576287
0.914584
0.206297
0.843739
0.386168
0.324041
0.886284
0.553785
0.254143
0.365293
0.911028
0.582593
0.215360
0.710207
0.193577
0.115902
0.804386
0.852289
0.883833
0.942244
0.694927
0.114248
0.924829
0.115187
0.196228
0.165654
0.084994
0.290216
0.135533
0.829969
0.707726
0.098974
0.976358
0.522795
0.647291
0.130192
0.731324
0.923429
0.912473
0.835125
0.519095
0.215957
0.749026
0.904444
0.506596
0.213669
0.680284
0.726434
0.263906
0.516833
0.714268
0.253415
0.891465
0.101746
0.215460
0.912640
0.937651
0.338644
0.634770
0.571236
0.977500
0.355688
0.097548
0.314426
0.331351
0.272652
0.478284
0.491212
0.702911
0.173688
0.529829
0.652926
0.214925
0.154156
0.234657
0.991062
0.510297
0.869942
0.428872
0.969299
0.015626
0.805842
0.768018
0.863660
0.890012
0.389300
0.123675
0.887319
0.033796
0.188295
0.766868
0.480611
0.526107
0.885010
0.534920
0.715202
0.096261
0.044457
0.818098
0.335208
0.945464
0.127950
0.766734
0.407740
0.056745
0.068982
0.775392
0.100778
0.900146
0.256478
0.840097
0.985612
0.492724
0.800636
0.938185
0.018931
0.860351
0.952789
0.162150
0.427614
0.956564
0.042508
0.046189
0.033455
0.129073
0.381401
0.261612
0.905528
0.397081
0.065157
0.842008
0.218916
0.230969
0.329444
0.532233
0.612015
0.253655
0.220752
0.797809
0.246179
0.544139
0.896053
0.994592
0.560086
0.507745
0.726940
0.709331
0.052112
0.117559
0.333419
0.138614
0.138589
0.599957
0.692113
0.613548
0.324648
0.565872
0.963438
0.022281
0.952137
0.148767
0.879779
0.624932
0.798398
0.313447
0.392284
0.077251
0.844330
0.890214
0.074973
0.474735
0.661449
0.620321
0.601071
0.148410
0.172629
0.232285
0.155275
0.984298
0.599709
0.085490
0.749806
0.522866
0.839948
0.130579
0.916842
0.314543
0.645922
0.203177
0.577466
0.800202
0.648765
0.802503
0.889705
0.757713
0.084546
0.481407
0.005944
0.428488
0.417353
0.760814
0.164382
0.912487
0.010220
0.057297
0.467252
0.337782
0.889986
0.920057
0.927085
0.269105
0.520973
0.845983
0.754785
0.372810
0.833538
0.506334
0.208980
0.808225
0.534485
0.806887
0.723021
0.117754
0.284954
0.392698
0.715581
0.223670
0.412314
0.763472
0.344124
0.339237
0.269905
0.175582
0.264392
0.698085
0.849329
0.800613
0.649641
0.185358
0.956177
0.146634
0.239858
0.908313
0.439958
0.819272
0.808066
0.961743
0.004080
0.556855
0.121133
0.067349
0.759912
0.542812
0.786329
0.344149
0.306226
0.414265
0.861088
0.198257
0.994362
0.085127
0.176038
0.880399
0.184195
0.448591
0.692194
0.275790
0.383902
0.861660
0.546772
0.912737
0.696592
0.399083
0.649579
0.858726
0.614870
0.446370
0.990722
0.971026
0.764023
0.480245
0.935557
0.908324
0.574636
0.489689
0.975793
0.974407
0.729427
0.230066
0.970832
0.022947
0.032644
0.376609
0.796086
0.198284
0.767252
0.016326
0.434563
0.022267
0.694634
0.130608
0.914382
0.342813
0.478507
0.022814
0.661671
0.035040
0.515078
0.717681
0.759284
0.871273
0.594493
0.229345
0.812248
0.038256
0.763569
0.177309
0.273880
0.321759
0.093001
0.201724
0.390334
0.448986
0.648413
0.216577
0.082632
0.934233
0.975448
0.706181
0.415191
0.294579
0.913301
0.856710
0.992010
0.939567
0.523041
0.839682
0.378055
0.818788
0.455336
0.434165
0.123215
0.215093
0.531977
0.886360
0.665711
0.125928
0.652826
0.766193
0.161107
0.729847
0.847050
0.597523
0.858198
0.251573
0.451677
0.851501
0.054136
0.673555
0.987868
0.533281
0.740852
0.232592
0.641847
0.038515
0.704544
0.487102
0.337892
0.776700
0.500937
0.509624
0.714010
0.527505
0.427719
0.354259
0.760974
0.069167
0.546749
0.895505
0.300544
0.991551
0.702383
0.556683
0.563278
0.236366
0.361655
0.016829
0.107114
0.843811
0.745394
0.950421
0.085610
0.008195
0.321347
0.820956
0.837721
0.626981
0.291159
0.580380
0.517046
0.918652
0.562735
0.954366
0.479815
0.204682
0.996247
0.731578
0.174691
0.714216
0.643474
0.117930
0.347677
0.021299
0.928574
0.493273
0.418425
0.324322
0.347406
0.651008
0.076866
0.052431
0.010793
0.154970
0.523782
0.681522
0.404357
0.648451
0.544363
0.390870
0.271429
0.918557
0.296069
0.671013
0.521568
0.470696
0.177712
0.671546
0.307135
0.373988
0.695702
0.998173
0.854962
0.852092
0.316373
0.872262
0.127106
0.277657
0.033698
0.066649
0.270691
0.153700
0.060472
0.636908
0.651762
0.198524
0.066406
0.447522
0.843321
0.320694
0.542576
0.747497
0.983774
0.092856
0.973823
0.572739
0.696850
0.692918
0.551684
0.124928
0.340722
0.550910
0.520150
0.328497
0.298046
0.523165
0.842146
0.510303
0.295816
0.843393
0.762664
0.514154
0.142570
0.216835
0.536898
0.897701
0.665216
0.284748
0.447043
0.548837
0.262436
0.585711
0.342665
0.930502
0.699173
0.908120
0.190027
0.921350
0.629346
0.026851
0.479947
0.043864
0.373164
0.330529
0.941857
0.565296
0.951370
0.308874
0.247021
0.932516
0.013271
0.408030
0.262910
0.535894
0.467564
0.058500
0.487298
0.092674
0.430976
0.680669
0.302571
0.577126
0.396973
0.547975
0.125376
0.590188
0.321126
0.341945
0.327599
0.476293
0.440585
0.742674
0.637158
0.788346
0.258553
0.440967
0.714981
0.815064
0.904093
0.755948
0.843530
0.168117
0.344355
0.748692
0.387901
0.467117
0.759778
0.756370
0.045141
0.465070
0.013731
0.864817
0.924130
0.840666
0.042919
0.857692
0.942751
0.051105
0.535871
0.959061
0.024782
0.752260
0.635970
0.181497
0.053346
0.984804
0.552603
0.795790
0.529501
0.304955
0.233070
0.458869
0.188457
0.462928
0.309771
0.648102
0.848167
0.119114
0.908991
0.165248
0.947177
0.029415
0.999673
0.976512
0.461660
0.101595
0.444116
0.870552
0.070438
0.356902
0.755468
0.714762
0.405365
0.087772
0.134488
0.276693
0.403072
0.581445
0.131312
0.931920
0.839425
0.287702
0.593978
0.916113
0.491733
0.044624
0.278018
0.850835
0.593264
0.997738
0.191627
0.809416
0.580539
0.997445
0.948818
0.304822
0.962878
0.071783
0.750778
0.221272
0.260911
0.489712
0.025283
0.222311
0.279154
0.346298
0.494481
0.065481
0.546576
0.786870
0.992289
0.283637
0.684217
0.512024
0.343317
0.677506
0.999193
0.143156
0.507764
0.643023
0.585517
0.257700
0.145036
0.155017
0.386106
0.187006
0.033579
0.333563
0.826063
0.152791
0.578883
0.773607
0.997514
0.602552
0.282232
0.292196
0.234896
0.947746
0.873077
0.071545
0.044650
0.637577
0.729194
0.796026
0.816728
0.724638
0.779113
0.973687
0.415009
0.281904
0.821814
0.564989
0.123997
0.436643
0.615499
0.256255
0.766739
0.738379
0.864973
0.051192
0.483221
0.077312
0.274075
0.038961
0.627238
0.386324
0.894966
0.505762
0.464049
0.016036
0.450594
0.739697
0.166124
0.713267
0.012481
0.712798
0.540288
0.758036
0.841108
0.503446
0.117862
0.917397
0.841084
0.031791
0.365565
0.384682
0.320118
0.033492
0.602455
0.517339
0.511218
0.110638
0.020246
0.865868
0.665671
0.329699
0.259085
0.796361
0.670256
0.405303
0.875978
0.851979
0.914364
0.682338
0.632230
0.131755
0.429812
0.194953
0.111066
0.311411
0.430136
0.560269
0.888206
0.789391
0.184782
0.594282
0.984679
0.256857
0.331732
0.415862
0.138870
0.107408
0.790009
0.018740
0.363182
0.677811
0.971262
0.482539
0.594711
0.417930
0.466624
0.840254
0.458473
0.350346
0.036305
0.754166
0.313824
0.743857
0.163936
0.004908
0.092749
0.320436
0.920799
0.923479
0.074905
0.295003
0.353620
0.992832
0.232367
0.602298
0.109386
0.443847
0.218039
0.527043
0.950302
0.909093
0.214670
0.107061
0.032503
0.650979
0.371948
0.648936
0.081240
0.537661
0.984946
0.582279
0.496424
0.517542
0.213830
0.096438
0.576535
0.207182
0.235058
0.926674
0.344783
0.374969
0.523637
0.442299
0.665673
0.918483
0.119920
0.744951
0.526888
0.330807
0.307077
0.904849
0.432775
0.674818
0.426274
0.935394
0.179146
0.487787
0.334268
0.307659
0.910046
0.650560
0.726905
0.646309
0.658004
0.994511
0.404360
0.848694
0.011391
0.504968
0.125004
0.208722
0.750725
0.006934
0.626595
0.084933
0.540736
0.566607
0.131004
0.521435
0.190032
0.754089
0.415307
0.431528
0.126295
0.864364
0.376858
0.555450
0.769595
0.212575
0.876977
0.932831
0.033002
0.685355
0.712353
0.953014
0.722737
0.496778
0.309886
0.564742
0.864801
0.687480
0.502191
0.369242
0.805314
0.667975
0.879326
0.100005
0.100243
0.076334
0.992151
0.714982
0.736451
0.852931
0.140066
0.482517
0.846778
0.246526
0.412927
0.620754
0.197585
0.900532
0.889536
0.989239
0.785898
0.802376
0.094922
0.492936
0.729119
0.877710
0.763540
0.874051
0.530225
0.959286
0.736344
0.161393
0.868770
0.010840
0.062463
0.748086
0.065652
0.626410
0.067821
0.991948
0.465214
0.666123
0.229886
0.839071
0.660751
0.703263
0.378398
0.331023
0.926581
0.005474
0.341941
0.837405
0.304022
0.568168
0.583162
0.168782
0.429774
0.277129
0.375079
0.419771
0.914558
0.432924
0.987690
0.540124
0.105810
0.903316
0.299158
0.855345
0.204537
0.975023
0.983629
0.836074
0.978710
0.073064
0.229404
0.389618
0.615869
0.436918
0.586490
0.517831
0.522639
0.140051
0.161868
0.424978
0.418910
0.154103
0.543805
0.815943
0.103381
0.876303
0.381841
0.476748
0.088464
0.601269
0.890707
0.367254
0.540247
0.235144
0.502701
0.068519
0.060121
0.324150
0.212800
0.126441
0.029099
0.648967
0.268666
0.408650
0.039380
0.032085
0.129019
0.343433
0.906644
0.371381
0.238698
0.330956
0.662522
0.902746
0.795198
0.191502
0.031931
0.235237
0.966184
0.657728
0.653806
0.935651
0.089151
0.452091
0.857661
0.405139
0.263371
0.395179
0.391201
0.801214
0.327111
0.010697
0.833185
0.659639
0.889820
0.804932
0.007179
0.326451
0.019667
0.092125
0.602013
0.973688
0.233360
0.791276
0.666791
0.810961
0.585205
0.352945
0.067592
0.217758
0.329952
0.501038
0.763273
0.433461
0.606030
0.660269
0.022850
0.073426
0.002824
0.880771
0.457191
0.663518
0.513389
0.460786
0.029048
0.538393
0.701233
0.696130
0.866919
0.247447
0.655178
0.680991
0.541673
0.934238
0.619118
0.214112
0.506740
0.118705
0.894094
0.601110
0.258034
0.282141
0.178934
0.423773
0.107863
0.518801
0.578936
0.441068
0.954208
0.665106
0.190315
0.649635
0.756848
0.717184
0.347830
0.574083
0.457798
0.565131
0.834495
0.682584
0.660124
0.705399
0.401176
0.359668
0.521773
0.928710
0.903991
0.409143
0.346684
0.311781
0.444622
0.300378
0.742087
0.539151
0.854412
0.518941
0.423119
0.753595
0.370807
0.179679
0.138037
0.604668
0.686733
0.702867
0.140138
0.727931
0.900512
0.487179
0.893817
0.219182
0.248064
0.262765
0.962462
0.495478
0.129623
0.225850
0.783545
0.309687
0.844329
0.503695
0.027203
0.569227
0.259936
0.570314
0.082736
0.901982
0.527618
0.001982
0.181106
0.823349
0.172616
0.578388
0.879717
0.426438
0.900631
0.708514
0.161760
0.855548
0.334147
0.575449
0.215357
0.747682
0.642177
0.233055
0.247124
0.134013
0.105604
0.375901
0.600477
0.709367
0.732473
0.428941
0.695621
0.315930
0.710349
0.446650
0.368809
0.668681
0.943996
0.834270
0.958140
0.610861
0.680684
0.049064
0.789101
0.782268
0.176312
0.415808
0.495697
0.901701
0.623116
0.131752
0.542682
0.002912
0.702169
0.677799
0.805465
0.724053
0.275421
0.767309
0.531549
0.586098
0.760786
0.579794
0.733644
0.462530
0.829845
0.348685
0.394716
0.859205
0.188779
0.757194
0.825664
0.480392
0.254364
0.165608
0.797279
0.493774
0.753611
0.814549
0.555061
0.844015
0.871361
0.757433
0.544297
0.362962
0.153642
0.727319
0.601402
0.080390
0.455413
0.641679
0.997704
0.810757
0.209020
0.238570
0.902385
0.148988
0.275285
0.039824
0.523058
0.552658
0.522941
0.656005
0.487688
0.980109
0.982394
0.195793
0.757241
0.731413
0.631857
0.730343
0.052569
0.307989
0.785751
0.147436
0.750598
0.985509
0.980070
0.397882
0.377910
0.410860
0.999779
0.340401
0.613204
0.723282
0.041797
0.779303
0.332956
0.422220
0.435104
0.427517
0.269749
0.459242
0.054540
0.717578
0.235115
0.792753
0.735091
0.991915
0.204969
0.593355
0.168822
0.341132
0.459949
0.620486
0.333008
0.080756
0.461029
0.852576
0.397122
0.948020
0.698592
0.867130
0.873928
0.781977
0.574242
0.325662
0.747989
0.244843
0.430147
0.102992
0.913333
0.365911
0.723746
0.889932
0.788641
0.753104
0.578725
0.920916
0.479279
0.531548
0.078224
0.796585
0.524005
0.034153
0.906758
0.717306
0.320893
0.194453
0.301705
0.165506
0.922336
0.577580
0.538844
0.953713
0.201388
0.071644
0.342472
0.105826
0.909658
0.820629
0.277123
0.636506
0.621153
0.642655
0.915343
0.013205
0.726771
0.338740
0.089280
0.283739
0.777714
0.570281
0.223613
0.986664
0.816086
0.949686
0.345228
0.691225
0.417150
0.889239
0.142041
0.170172
0.493229
0.134428
0.801365
0.873178
0.773550
0.699265
0.119566
0.130433
0.493222
0.028861
0.666310
0.804831
0.053966
0.415953
0.596515
0.064820
0.095037
0.672254
0.617415
0.475481
0.988891
0.388127
0.860675
0.044108
0.598678
0.192347
0.793054
0.348447
0.691248
0.043027
0.350524
0.377507
0.307095
0.341963
0.595193
0.315474
0.992189
0.692540
0.222160
0.206761
0.809616
0.085825
0.396285
0.449690
0.198672
0.375296
0.600565
0.994757
0.802563
0.832169
0.154163
0.981839
0.851244
0.999216
0.411026
0.894242
0.605085
0.823312
0.414339
0.088904
0.765720
0.162206
0.217002
0.273945
0.493683
0.417321
0.253758
0.794197
0.073539
0.178406
0.999390
0.705208
0.052715
0.605845
0.801522
0.080065
0.158948
0.933527
0.399235
0.395515
0.313586
0.540763
0.211997
0.672345
0.128373
0.770102
0.923399
0.732238
0.003829
0.443168
0.032831
0.372593
0.765504
0.567729
0.513591
0.057656
0.776082
0.394520
0.933379
0.273615
0.917616
0.189515
0.519027
0.817129
0.259835
0.328208
0.783529
0.484446
0.006919
0.713772
0.015420
0.347687
0.369847
0.779580
0.809072
0.364978
0.096913
0.567703
0.476245
0.138797
0.645129
0.028747
0.167805
0.977691
0.565367
0.695234
0.462891
0.372288
0.785128
0.135964
0.205063
0.320887
0.055435
0.917916
0.273422
0.267760
0.523718
0.347209
0.809699
0.866246
0.016363
0.955852
0.604401
0.311993
0.480007
0.983728
0.948900
0.987046
0.193206
0.536015
0.961675
0.385179
0.100283
0.176915
0.057288
0.285048
0.604641
0.552906
0.569040
0.598571
0.312857
0.734118
0.886915
0.266092
0.626126
0.546749
0.605883
0.073193
0.664316
0.616147
0.293269
0.795254
0.142095
0.106953
0.213059
0.760182
0.287823
0.787673
0.215464
0.254859
0.855871
0.429390
0.733537
0.167919
0.752691
0.119456
0.685260
0.943870
0.262871
0.538489
0.756346
0.001846
0.792972
0.218908
0.843283
0.850024
0.275376
0.160908
0.781997
0.406766
0.112893
0.580648
0.440933
0.625507
0.575341
0.179735
0.462668
0.375857
0.971100
0.264075
0.068532
0.513538
0.393514
0.352822
0.003273
0.710199
0.285811
0.914318
0.815366
0.430548
0.703822
0.722394
0.791865
0.422130
0.693016
0.577348
0.800305
0.105457
0.765332
0.369330
0.217867
0.884770
0.370376
0.230422
0.338914
0.576448
0.271254
0.209226
0.397094
0.826083
0.317562
0.851659
0.494318
0.311686
0.415396
0.028255
0.760545
0.136942
0.712113
0.316663
0.028334
0.093763
0.191954
0.362706
0.934346
0.679158
0.592221
0.369775
0.487934
0.346188
0.362477
0.536593
0.287468
0.253943
0.040898
0.050608
0.463717
0.368820
0.447360
0.244718
0.920316
0.633614
0.454693
0.599075
0.684851
0.845956
0.319707
0.170351
0.056084
0.606756
0.994899
0.166215
0.801736
0.114286
0.266562
0.630802
0.282880
0.699415
0.267806
0.680199
0.243754
0.999986
0.908704
0.170636
0.594630
0.061770
0.434757
0.048145
0.763020
0.485589
0.521435
0.216460
0.380807
0.541887
0.214365
0.601270
0.748242
0.021580
0.771592
0.621735
0.969608
0.955751
0.911490
0.640857
0.166326
0.704091
0.242837
0.492075
0.836426
0.272257
0.256049
0.508910
0.474784
0.661238
0.722706
0.612598
0.966478
0.096678
0.572244
0.552477
0.863981
0.426331
0.177120
0.730462
0.952369
0.064336
0.876248
0.212710
0.103736
0.597407
0.156920
0.518756
0.778354
0.001365
0.352970
0.089169
0.810411
0.323770
0.433907
0.001076
0.056952
0.594694
0.638658
0.284231
0.681352
0.568836
0.091643
0.961670
0.703028
0.220596
0.516878
0.272949
0.825265
0.314819
0.650951
0.645448
0.381307
0.641102
0.047547
0.762358
0.806971
0.567171
0.418787
0.768612
0.491876
0.177813
0.298972
0.336042
0.047480
0.383409
0.966756
0.406334
0.268999
0.368027
0.972770
0.045444
0.461580
0.678355
0.141456
0.002182
0.436174
0.642085
0.630756
0.859384
0.628989
0.376668
0.271650
0.943808
0.830439
0.857196
0.442220
0.582949
0.515255
0.784167
0.708271
0.290042
0.966344
0.879592
0.910254
0.275337
0.981768
0.134987
0.435007
0.794068
0.390631
0.068654
0.553904
0.736651
0.912908
0.725870
0.307166
0.765625
0.948038
0.870610
0.384192
0.397534
0.797952
0.619379
0.611317
0.498405
0.064711
0.834798
0.218663
0.687773
0.092267
0.752751
0.429554
0.672943
0.163592
0.235884
0.689500
0.913744
0.165940
0.720411
0.946570
0.779204
0.785876
0.629895
0.185451
0.136110
0.731312
0.677151
0.407237
0.538459
0.893646
0.118613
0.407761
0.070598
0.565480
0.350957
0.009824
0.523331
0.744163
0.800239
0.470895
0.207331
0.825210
0.363074
0.234576
0.803275
0.675875
0.711368
0.954245
0.657336
0.572974
0.031776
0.138454
0.378498
0.708334
0.812231
0.115086
0.381437
0.904044
0.172741
0.646043
0.266842
0.897904
0.405553
0.760175
0.371875
0.071183
0.915947
0.958758
0.092254
0.473182
0.846322
0.924048
0.528563
0.972269
0.966712
0.677320
0.940229
0.211764
0.427374
0.408672
0.305088
0.202899
0.689492
0.515481
0.828749
0.686231
0.576931
0.902829
0.438371
0.806798
0.493409
0.638637
0.059343
0.779420
0.822340
0.285964
0.667946
0.348463
0.650520
0.139184
0.852607
0.154339
0.435695
0.535032
0.932265
0.279150
0.825948
0.859311
0.768188
0.372007
0.826822
0.717955
0.146835
0.852206
0.930363
0.276623
0.816806
0.212508
0.488129
0.126567
0.089369
0.846067
0.323503
0.800608
0.344109
0.682219
0.830587
0.665698
0.466593
0.774776
0.509294
0.179925
0.482361
0.578600
0.139973
0.390884
0.110883
0.144659
0.942330
0.526078
0.117883
0.457368
0.608470
0.925891
0.640970
0.472018
0.752067
0.476363
0.044376
0.204919
0.760130
0.413690
0.832754
0.305400
0.503616
0.061522
0.039773
0.569969
0.641957
0.723306
0.196528
0.433190
0.847267
0.183024
0.964516
0.075991
0.983745
0.595659
0.048030
0.591583
0.732535
0.173146
0.171995
0.420552
0.238975
0.096879
0.339182
0.384099
0.439623
0.078091
0.955064
0.128784
0.643763
0.755308
0.625501
0.243440
0.999996
0.130345
0.159700
0.985943
0.694755
0.834179
0.612892
0.220385
0.785399
0.456653
0.452558
0.679273
0.309880
0.788114
0.781472
0.293417
0.448139
0.953458
0.974659
0.006515
0.022223
0.703350
0.058971
0.687629
0.222212
0.584834
0.729719
0.771091
0.698687
0.974980
0.590759
0.261626
0.692158
0.646738
0.154485
0.336230
0.493946
0.811823
0.963316
0.397286
0.643735
0.860297
0.246226
0.413054
0.190593
0.425072
0.656430
0.820250
0.901782
0.015404
0.120240
0.232975
0.391214
0.167103
0.544252
0.540058
0.546509
0.561442
0.031744
0.737649
0.362529
0.003689
0.849420
0.367546
0.290927
0.807469
0.734585
0.025354
0.085243
0.480329
0.756845
0.817482
0.420742
0.096090
0.353419
0.674823
0.996461
0.734906
0.502451
0.597082
0.485402
0.204546
0.444995
0.345786
0.422357
0.159733
0.846502
0.482556
0.356139
0.719730
0.412385
0.425505
0.073064
0.254726
0.262863
0.368894
0.256359
0.968252
0.803341
0.231592
0.140154
0.404899
0.368540
0.253900
0.466101
0.434237
0.368182
0.287332
0.020153
0.016761
0.393865
0.031282
0.959095
0.351578
0.313572
0.988134
0.974495
0.440382
0.280488
0.067715
0.667911
0.625075
0.361694
0.477338
0.454464
0.664864
0.879753
0.498553
0.695680
0.601285
0.433301
0.462978
0.982452
0.750832
0.597641
0.009529
0.320499
0.301644
0.547011
0.064040
0.273080
0.849805
0.425049
0.991682
0.198490
0.129981
0.182386
0.039587
0.496319
0.427777
0.608965
0.359512
0.071910
0.611656
0.440137
0.620398
0.404600
0.866050
0.818562
0.950379
0.450700
0.648842
0.673320
0.797924
0.478848
0.263599
0.663007
0.017276
0.284266
0.353839
0.304629
0.437620
0.444440
0.538879
0.161403
0.280054
0.569618
0.245189
0.617325
0.412577
0.268814
0.183986
0.299286
0.666739
0.830195
0.307955
0.994816
0.844053
0.049245
0.702258
0.872190
0.822752
0.911208
0.684747
0.111054
0.624706
0.773499
0.311690
0.009954
0.656336
0.999007
0.974973
0.709866
0.433079
0.201959
0.969759
0.117649
0.515958
0.860452
0.557390
0.298028
0.351374
0.990788
0.144312
0.641493
0.840891
0.764939
0.634322
0.634891
0.233916
0.202738
0.911000
0.996186
0.349243
0.627664
0.828143
0.088729
0.997220
0.842581
0.080259
0.942180
0.124573
0.737015
0.181923
0.826297
0.208757
0.619514
0.349421
0.546716
0.472337
0.605296
0.100072
0.479997
0.773542
0.238823
0.806652
0.774952
0.888121
0.690121
0.883874
0.485884
0.545452
0.212389
0.721097
0.593536
0.933485
0.493913
0.892857
0.130849
0.296488
0.520200
0.550675
0.034364
0.807118
0.508841
0.240902
0.783623
0.100122
0.681227
0.755116
0.014651
0.473595
0.722159
0.482474
0.032851
0.222680
0.882101
0.848202
0.212151
0.640950
0.346312
0.715716
0.668206
0.125946
0.637056
0.624196
0.569664
0.160271
0.464242
0.144831
0.421706
0.050143
0.140865
0.220272
0.553665
0.074008
0.743075
0.029912
0.605562
0.760714
0.036921
0.894325
0.482700
0.898408
0.697342
0.444036
0.410749
0.422855
0.392524
0.904630
0.504350
0.846166
0.768363
0.658705
0.031935
0.616543
0.804329
0.675442
0.565465
0.233971
0.617088
0.381855
0.172186
0.579451
0.447838
0.510899
0.462720
0.199613
0.233143
0.605009
0.277738
0.333935
0.732421
0.369095
0.583226
0.560693
0.281074
0.228151
0.747258
0.017971
0.291684
0.147285
0.885935
0.985488
0.205217
0.384156
0.812048
0.565021
0.727466
0.842355
0.537183
0.511006
0.345596
0.271518
0.546759
0.287951
0.818358
0.592847
0.782134
0.823371
0.168831
0.470305
0.925617
0.525347
0.969442
0.963775
0.770750
0.324883
0.213938
0.209200
0.885889
0.599139
0.932386
0.408540
0.770320
0.701871
0.439438
0.920029
0.207501
0.018138
0.813078
0.683569
0.456695
0.700174
0.604853
0.431329
0.406524
0.194990
0.222453
0.053430
0.835441
0.931922
0.927476
0.639934
0.297327
0.311921
0.639986
0.694234
0.003943
0.767314
0.303782
0.099538
0.229111
0.049216
0.898058
0.444336
0.857947
0.008379
0.228210
0.920401
0.306386
0.635943
0.227812
0.043054
0.724585
0.840550
0.009011
0.738673
0.234616
0.689685
0.890534
0.866174
0.510279
0.533904
0.522865
0.264026
0.686626
0.775623
0.230146
0.146192
0.629044
0.983098
0.926830
0.876177
0.509659
0.294121
0.699883
0.148674
0.034847
0.948651
0.136884
0.386962
0.112646
0.737948
0.981262
0.297522
0.870883
0.248361
0.002390
0.959160
0.690400
0.912242
0.413575
0.600445
0.743496
0.006133
0.761773
0.703889
0.555681
0.217210
0.325978
0.147248
0.795352
0.994573
0.520147
0.309792
0.207013
0.600829
0.282951
0.069009
0.750370
0.906826
0.468237
0.386562
0.052553
0.560860
0.118504
0.575390
0.103718
0.711599
0.523697
0.834412
0.243425
0.351299
0.636515
0.552823
0.495450
0.899029
0.070364
0.987606
0.889362
0.501447
0.256575
0.921722
0.646801
0.984157
0.654711
0.901209
0.253810
0.424512
0.672815
0.277210
0.436984
0.131953
0.461829
0.630265
0.668024
0.359056
0.208550
0.284891
0.914098
0.025849
0.087617
0.466944
0.179565
0.231751
0.868791
0.020645
0.685200
0.813123
0.272156
0.498219
0.575100
0.864778
0.138053
0.639001
0.418717
0.620960
0.591907
0.847759
0.979361
0.623852
0.588471
0.153927
0.797095
0.420700
0.410438
0.009430
0.776195
0.769188
0.023877
0.966399
0.073038
0.948927
0.675263
0.436418
0.876197
0.502775
0.704767
0.738339
0.623752
0.571112
0.077958
0.019728
0.454750
0.768400
0.197104
0.921220
0.322158
0.935087
0.666834
0.652044
0.431775
0.007698
0.811522
0.638404
0.905076
0.469464
0.790058
0.837187
0.278107
0.723435
0.340387
0.745353
0.514803
0.659965
0.051946
0.724667
0.466829
0.620264
0.478402
0.713625
0.468184
0.366514
0.672281
0.503051
0.809288
0.425599
0.871142
0.812220
0.851393
0.567581
0.784195
0.387060
0.024612
0.529375
0.265992
0.886494
0.426090
0.992419
0.456708
0.048758
0.721957
0.415672
0.645310
0.979043
0.700076
0.400043
0.838871
0.735295
0.794428
0.366498
0.507671
0.794596
0.505999
0.032131
0.282486
0.228703
0.555247
0.597541
0.872266
0.697261
0.123207
0.056613
0.884408
0.825561
0.056579
0.739256
0.445051
0.498011
0.320867
0.913756
0.611030
0.607796
0.786834
0.366834
0.781921
0.231442
0.161400
0.867207
0.079964
0.724643
0.884827
0.700793
0.997751
0.280928
0.728944
0.921971
0.337143
0.506252
0.735103
0.783077
0.937181
0.422152
0.302574
0.144389
0.982127
0.519080
0.332931
0.196832
0.418676
0.649299
0.672443
0.487595
0.101037
0.133564
0.866933
0.353164
0.931159
0.902695
0.064675
0.616270
0.916116
0.913756
0.355223
0.579729
0.588348
0.921519
0.800298
0.270378
0.402960
0.737475
0.320582
0.074008
0.865955
0.485474
0.023787
0.977432
0.237095
0.188950
0.001777
0.366216
0.997707
0.850916
0.696848
0.699340
0.525235
0.369702
0.527453
0.097558
0.420412
0.324038
0.684776
0.384102
0.192659
0.514188
0.341730
0.784561
0.168139
0.137442
0.756771
0.964796
0.273597
0.127823
0.778208
0.194458
0.808412
0.642819
0.819966
0.415058
0.599973
0.207062
0.809651
0.281141
0.627099
0.842777
0.255365
0.665876
0.142071
0.330011
0.019079
0.118898
0.042965
0.320679
0.788639
0.875556
0.664983
0.330315
0.074241
0.452424
0.030039
0.085210
0.102774
0.814366
0.544784
0.165123
0.668846
0.391353
0.045739
0.574741
0.447769
0.222990
0.532916
0.587386
0.164761
0.308497
0.335011
0.480204
0.144792
0.682629
0.438947
0.253439
0.131774
0.819604
0.356824
0.011892
0.844642
0.917345
0.788187
0.984715
0.544541
0.147749
0.686918
0.317335
0.922523
0.521286
0.847717
0.469264
0.419516
0.157004
0.683212
0.580932
0.403777
0.905412
0.003007
0.144912
0.183338
0.427099
0.920613
0.701966
0.744399
0.204607
0.997976
0.571606
0.962738
0.193832
0.897505
0.173804
0.273040
0.493246
0.969343
0.823596
0.930818
0.022937
0.995129
0.694568
0.948154
0.331643
0.573045
0.363622
0.631859
0.181732
0.332218
0.830646
0.434752
0.881306
0.962050
0.556776
0.955596
0.744300
0.304615
0.690253
0.338042
0.198899
0.925145
0.446871
0.119975
0.086368
0.984139
0.057450
0.240907
0.822986
0.643657
0.095825
0.959475
0.549978
0.278992
0.516860
0.262127
0.528122
0.278280
0.744276
0.603596
0.850447
0.747660
0.006626
0.846653
0.191523
0.209374
0.089563
0.127472
0.432940
0.879772
0.023499
0.665559
0.329170
0.526614
0.342094
0.904092
0.717945
0.100438
0.640317
0.554182
0.437401
0.119189
0.932405
0.166505
0.653126
0.315146
0.188175
0.228245
0.924545
0.590793
0.885069
0.459180
0.146635
0.327584
0.506710
0.618793
0.645322
0.471076
0.984644
0.943073
0.683858
0.314394
0.238924
0.389379
0.297498
0.430107
0.475056
0.785580
0.448906
0.408643
0.994930
0.899727
0.765419
0.217979
0.008383
0.387832
0.419270
0.564274
0.244865
0.821662
0.933824
0.724930
0.141057
0.030571
0.623675
0.545578
0.466651
0.258855
0.816107
0.982133
0.637886
0.516731
0.072191
0.715350
0.034657
0.859420
0.788782
0.377361
0.094861
0.519802
0.847146
0.337140
0.510684
0.545867
0.072829
0.151281
0.897965
0.767871
0.749016
0.287213
0.020233
0.752155
0.730984
0.738854
0.537448
0.544380
0.324035
0.698390
0.477515
0.161511
0.772257
0.261059
0.980803
0.640379
0.512151
0.513493
0.074226
0.341399
0.395164
0.631055
0.338908
0.317205
0.056956
0.497663
0.259853
0.084815
0.971965
0.702332
0.374805
0.682587
0.270304
0.419340
0.461728
0.149741
0.840991
0.789503
0.956232
0.842842
0.122304
0.547658
0.999678
0.414267
0.978348
0.924410
0.459311
0.240109
0.803077
0.074146
0.420188
0.121696
0.004683
0.441078
0.017908
0.974103
0.624425
0.522369
0.154235
0.595746
0.053235
0.485737
0.127153
0.242161
0.385295
0.195034
0.540194
0.066662
0.227929
0.505793
0.791661
0.386049
0.001657
0.040189
0.845054
0.288475
0.156091
0.410835
0.500058
0.213474
0.969303
0.690836
0.725238
0.054376
0.265238
0.199004
0.040064
0.472985
0.493471
0.197612
0.149110
0.236814
0.260298
0.588445
0.300646
0.645709
0.210427
0.779447
0.094043
0.888832
0.393991
0.416181
0.672889
0.475776
0.402341
0.504885
0.159474
0.856652
0.389349
0.180128
0.247016
0.959944
0.162383
0.393107
0.573214
0.615708
0.369774
0.401260
0.921056
0.209023
0.550424
0.874848
0.455609
0.129671
0.176597
0.534954
0.135636
0.881055
0.234289
0.554445
0.556100
0.774709
0.202042
0.968538
0.053005
0.446495
0.891470
0.313327
0.052843
0.192037
0.752796
0.653052
0.221889
0.186452
0.808268
0.263681
0.911050
0.290243
0.214359
0.236191
0.436342
0.870793
0.004028
0.674891
0.627116
0.286310
0.593920
0.268345
0.473469
0.271986
0.195694
0.646105
0.574057
0.219837
0.195129
0.055780
0.138713
0.959283
0.110692
0.199612
0.501103
0.117721
0.425285
0.910830
0.840864
0.180490
0.718484
0.143302
0.762943
0.080958
0.819167
0.589542
0.063311
0.100621
0.182999
0.911812
0.786157
0.779123
0.415600
0.110195
0.872770
0.293022
0.117281
0.883796
0.799463
0.838295
0.101493
0.576510
0.976662
0.338807
0.977365
0.843761
0.280152
0.974964
0.312838
0.952216
0.375845
0.776863
0.681562
0.373349
0.625413
0.099656
0.639481
0.891710
0.353298
0.775802
0.481136
0.094185
0.242448
0.457041
0.154308
0.740894
0.654495
0.023278
0.178415
0.817082
0.608270
0.530734
0.592904
0.863893
0.652961
0.276864
0.259258
0.895385
0.440199
0.056991
0.761682
0.124660
0.315641
0.752233
0.544565
0.297884
0.486053
0.400586
0.251062
0.025158
0.904174
0.038119
0.673072
0.665139
0.285929
0.707777
0.520015
0.463788
0.980375
0.329712
0.785336
0.677775
0.456215
0.350346
0.342840
0.611300
0.677526
0.410447
0.582923
0.463869
0.797716
0.916463
0.004083
0.153387
0.596272
0.509398
0.110696
0.652996
0.265533
0.274188
0.378846
0.855388
0.534907
0.406970
0.341420
0.986683
0.042485
0.456866
0.283397
0.031026
0.093352
0.261276
0.727596
0.770958
0.917615
0.601503
0.930635
0.352832
0.722725
0.583372
0.630641
0.203281
0.473201
0.719693
0.270399
0.636266
0.291143
0.567798
0.811815
0.011870
0.383903
0.025890
0.070264
0.780080
0.138524
0.857134
0.933507
0.442291
0.720561
0.163306
0.912704
0.354711
0.697115
0.222587
0.261266
0.238359
0.847830
0.959707
0.642971
0.711082
0.103239
0.550660
0.628630
0.443454
0.154936
0.340151
0.406332
0.271486
0.617372
0.612376
0.728530
0.523807
0.114984
0.494454
0.223301
0.539450
0.773751
0.363286
0.083062
0.751572
0.413499
0.305636
0.786585
0.923277
0.071197
0.282595
0.386388
0.376087
0.289916
0.259327
0.076076
0.839757
0.888887
0.252209
0.009783
0.209946
0.095504
0.243114
0.092705
0.286047
0.702044
0.963629
0.375044
0.589805
0.210257
0.178178
0.647908
0.136161
0.220978
0.508744
0.392151
0.654044
0.234273
0.369746
0.063549
0.490880
0.224434
0.854026
0.794225
0.264439
0.292963
0.290816
0.460551
0.477667
0.815347
0.912292
0.705102
0.695155
0.463494
0.266353
0.720693
0.292637
0.211743
0.544606
0.590494
0.010451
0.251661
0.824328
0.728244
0.393742
0.288407
0.751090
0.872369
0.932883
0.511145
0.862906
0.956470
0.176965
0.302205
0.174181
0.530614
0.776156
0.485898
0.494487
0.902480
0.757733
0.194262
0.184394
0.955068
0.402495
0.316514
0.698050
0.420943
0.441196
0.596584
0.615848
0.800008
0.909474
0.992489
0.500048
0.292190
0.085854
0.766604
0.553083
0.387526
0.187884
0.220979
0.977023
0.760947
0.365071
0.033595
0.484730
0.372924
0.119508
0.798165
0.260381
0.877337
0.576806
0.616484
0.365612
0.085468
0.708050
0.439428
0.948369
0.103292
0.557908
0.294359
0.970489
0.436842
0.032695
0.709553
0.325361
0.639311
0.230830
0.032057
0.259805
0.149937
0.423971
0.652929
0.789742
0.685780
0.893107
0.390287
0.647421
0.953594
0.062136
0.973192
0.250037
0.289664
0.868298
0.077310
0.439245
0.095958
0.816613
0.235555
0.505107
0.954003
0.901473
0.261811
0.171420
0.229011
0.878552
0.621053
0.814705
0.609458
0.232437
0.811106
0.914014
0.534898
0.655951
0.336981
0.691788
0.559272
0.635275
0.142156
0.036488
0.040251
0.573369
0.043630
0.572021
0.071078
0.339855
0.476140
0.789248
0.984497
0.781490
0.606256
0.612463
0.066539
0.986611
0.054434
0.579862
0.938140
0.755989
0.541305
0.634858
0.132467
0.494566
0.228583
0.619644
0.729012
0.534558
0.874413
0.500797
0.394759
0.149647
0.510508
0.543877
0.882740
0.430417
0.627876
0.036429
0.039989
0.368950
0.814809
0.481651
0.389729
0.879090
0.163230
0.205094
0.867295
0.007181
0.084250
0.826450
0.850924
0.391036
0.322143
0.239143
0.958460
0.630703
0.596687
0.317090
0.128564
0.250557
0.576066
0.849782
0.810392
0.821163
0.408020
0.861633
0.904481
0.737743
0.680134
0.588756
0.584978
0.411862
0.331814
0.168081
0.925131
0.752171
0.874289
0.944557
0.458915
0.579325
0.413334
0.125879
0.693628
0.544439
0.840508
0.012355
0.352654
0.607151
0.153169
0.144845
0.193870
0.579496
0.498970
0.752842
0.289774
0.824820
0.773124
0.020924
0.814321
0.840513
0.698558
0.080316
0.277086
0.735680
0.462699
0.508555
0.777542
0.724729
0.612105
0.234397
0.809737
0.604988
0.009916
0.049613
0.191275
0.479067
0.742995
0.941045
0.246849
0.450336
0.557249
0.366118
0.046942
0.611303
0.568419
0.560926
0.904916
0.961018
0.791825
0.739069
0.900758
0.872933
0.777518
0.663835
0.490701
0.733916
0.073062
0.382742
0.190882
0.779050
0.839744
0.137457
0.505889
0.659491
0.109105
0.280814
0.616696
0.653616
0.967724
0.418581
0.431622
0.506376
0.252531
0.624687
0.883162
0.202714
0.743712
0.467565
0.438645
0.547315
0.525616
0.557614
0.981876
0.536526
0.528681
0.408025
0.107603
0.464987
0.803518
0.803547
0.493410
0.409585
0.346432
0.486723
0.004206
0.332828
0.862167
0.672135
0.101672
0.793643
0.163767
0.590657
0.116069
0.631505
0.145317
0.606267
0.441313
0.875848
0.893002
0.572822
0.396609
0.427031
0.796092
0.102819
0.307827
0.528118
0.098130
0.742964
0.174418
0.133785
0.809521
0.958461
0.755903
0.038578
0.196881
0.546114
0.517051
0.852266
0.072311
0.210908
0.851547
0.851732
0.857800
0.163874
0.969164
0.351953
0.037711
0.029518
0.144724
0.442520
0.679497
0.935095
0.961779
0.509691
0.742447
0.414228
0.459624
0.543670
0.860655
0.349643
0.005204
0.608505
0.012011
0.836529
0.706120
0.498341
0.267682
0.582165
0.220798
0.263552
0.812455
0.557238
0.943740
0.589504
0.808452
0.634215
0.640744
0.856571
0.880742
0.809490
0.972147
0.972479
0.741267
0.469291
0.646500
0.925308
0.410622
0.731034
0.583454
0.158757
0.259685
0.205563
0.035691
0.553183
0.755233
0.503295
0.670504
0.967209
0.030419
0.373834
0.169343
0.135874
0.781689
0.934326
0.187446
0.757050
0.886054
0.347560
0.024747
0.838178
0.263417
0.507359
0.817248
0.345691
0.911069
0.524585
0.018668
0.660376
0.527368
0.165501
0.687786
0.161945
0.885164
0.495585
0.410250
0.689891
0.675236
0.607587
0.671818
0.340151
0.672803
0.663299
0.525195
0.491828
0.918378
0.767377
0.579879
0.180004
0.438828
0.374955
0.009352
0.522744
0.262095
0.177072
0.083609
0.516801
0.381958
0.447883
0.503775
0.959717
0.597039
0.028317
0.656415
0.641962
0.883909
0.944321
0.081763
0.577848
0.597396
0.277772
0.272143
0.437417
0.974673
0.561255
0.825010
0.900601
0.248065
0.598967
0.137238
0.999724
0.257846
0.914408
0.411110
0.683467
0.247177
0.689511
0.755811
0.173421
0.012227
0.208931
0.255647
0.259286
0.038450
0.408192
0.099182
0.196836
0.351961
0.696637
0.603500
0.771576
0.341342
0.369996
0.588014
0.827637
0.278093
0.437478
0.146101
0.037452
0.555017
0.360240
0.853560
0.011228
0.668320
0.968592
0.087969
0.122497
0.201255
0.526465
0.035911
0.389511
0.390670
0.847744
0.523753
0.721321
0.330840
0.732969
0.638637
0.389922
0.452062
0.578778
0.098681
0.969342
0.193769
0.089205
0.849909
0.543684
0.305705
0.777348
0.276624
0.908229
0.580231
0.791864
0.385395
0.525826
0.540299
0.377488
0.805880
0.938916
0.842637
0.229329
0.506838
0.933124
0.164441
0.642002
0.209142
0.048528
0.191429
0.008243
0.022178
0.414281
0.638673
0.201457
0.138599
0.444202
0.168495
0.673783
0.446544
0.487876
0.317379
0.052049
0.680109
0.315895
0.940969
0.448363
0.858207
0.525623
0.654413
0.941433
0.867454
0.774249
0.059166
0.711281
0.054938
0.116695
0.329035
0.898839
0.269322
0.880683
0.538872
0.173437
0.191690
0.893958
0.426141
0.639115
0.221027
0.329543
0.861396
0.785903
0.239982
0.288652
0.071343
0.578162
0.402226
0.550955
0.787890
0.338176
0.423453
0.825683
0.067526
0.143189
0.878163
0.568745
0.513557
0.655894
0.257247
0.322556
0.132038
0.669255
0.359563
0.475361
0.944603
0.127033
0.045672
0.217651
0.417514
0.401750
0.833573
0.035235
0.325144
0.100668
0.635675
0.910982
0.323942
0.301977
0.800448
0.830958
0.590875
0.113108
0.910706
0.749745
0.691599
0.623896
0.121990
0.872302
0.350260
0.029525
0.396194
0.753648
0.520743
0.403641
0.832963
0.066243
0.192590
0.060385
0.510110
0.431516
0.961625
0.726881
0.714543
0.530748
0.572153
0.050738
0.500779
0.688484
0.860011
0.342713
0.326725
0.116813
0.588307
0.622610
0.987329
0.300126
0.109538
0.032568
0.626190
0.888883
0.123588
0.166691
0.744007
0.645889
0.947300
0.296993
0.397559
0.793339
0.591005
0.084282
0.470076
0.527286
0.411415
0.403694
0.123170
0.235949
0.232198
0.871125
0.257814
0.580223
0.505616
0.479139
0.291023
0.889041
0.688427
0.460360
0.357730
0.738116
0.547501
0.806751
0.434388
0.917428
0.445338
0.642790
0.305567
0.908266
0.100230
0.714359
0.659883
0.273280
0.576722
0.506812
0.721287
0.703598
0.386740
0.939459
0.553047
0.487713
0.645441
0.701538
0.353517
0.762191
0.997210
0.845000
0.079949
0.005402
0.851920
0.591124
0.757144
0.841995
0.805070
0.965010
0.638342
0.356503
0.583226
0.234790
0.667846
0.390490
0.473532
0.322148
0.353769
0.210153
0.839765
0.778895
0.095998
0.740792
0.402345
0.259184
0.158525
0.324470
0.673729
0.678494
0.556242
0.006630
0.304473
0.583255
0.656329
0.863930
0.594684
0.093002
0.263716
0.591749
0.539596
0.706748
0.466621
0.439871
0.590478
0.481924
0.187348
0.176494
0.817333
0.150063
0.553156
0.969756
0.656818
0.838521
0.896552
0.586595
0.281203
0.134268
0.324562
0.888173
0.692504
0.061760
0.858651
0.371673
0.998002
0.149646
0.535729
0.698998
0.182159
0.113081
0.967789
0.514858
0.993020
0.996817
0.223265
0.232622
0.255087
0.795621
0.532637
0.789722
0.689030
0.081797
0.058769
0.417306
0.318314
0.319639
0.230062
0.535096
0.483624
0.540664
0.416902
0.622657
0.067669
0.785728
0.585572
0.130945
0.514818
0.499362
0.993537
0.814516
0.447053
0.597954
0.968652
0.900198
0.664962
0.159165
0.214148
0.753854
0.200100
0.882122
0.115032
0.060275
0.225809
0.203437
0.476304
0.531198
0.152108
0.600473
0.262202
0.573036
0.941533
0.009029
0.514023
0.437497
0.302466
0.499795
0.332687
0.047349
0.119707
0.777842
0.268739
0.519369
0.438192
0.541607
0.620513
0.627558
0.846844
0.717726
0.399472
0.074989
0.474844
0.119436
0.134855
0.366026
0.417571
0.850573
0.452909
0.107157
0.489785
0.591494
0.763407
0.672345
0.855640
0.971118
0.545295
0.957050
0.620891
0.827669
0.243271
0.010308
0.337564
0.347152
0.230824
0.681574
0.103073
0.830908
0.492121
0.476732
0.893324
0.602873
0.493957
0.458757
0.636409
0.870593
0.480121
0.540522
0.741782
0.608158
0.341983
0.693215
0.562800
0.311537
0.027375
0.402682
0.236118
0.359317
0.565479
0.844922
0.104500
0.081568
0.596417
0.402306
0.509763
0.310804
0.300196
0.296802
0.528142
0.917917
0.396607
0.476215
0.326155
0.362800
0.653605
0.093522
0.923237
0.342726
0.797179
0.857853
0.755496
0.158688
0.172676
0.918689
0.063829
0.256334
0.157207
0.093161
0.568080
0.374996
0.663682
0.979791
0.643608
0.106574
0.067548
0.747729
0.133083
0.878738
0.361908
0.006577
0.634034
0.886172
0.995460
0.274602
0.435294
0.785225
0.118117
0.685896
0.087532
0.202512
0.756896
0.978125
0.856659
0.195739
0.654290
0.644304
0.465227
0.079564
0.509810
0.024226
0.003765
0.044080
0.574467
0.883606
0.522445
0.817080
0.036360
0.169322
0.652067
0.111586
0.567377
0.594681
0.286366
0.493291
0.028411
0.741279
0.326969
0.154058
0.515334
0.563436
0.123783
0.317121
0.175720
0.053162
0.851503
0.134145
0.920638
0.451485
0.403070
0.003179
0.462293
0.463658
0.529817
0.690698
0.655380
0.082930
0.634649
0.939305
0.886494
0.638157
0.157215
0.156878
0.501127
0.284856
0.553139
0.335679
0.032494
0.804693
0.417052
0.607462
0.749525
0.851594
0.090444
0.194543
0.783367
0.714936
0.605001
0.018434
0.480178
0.010325
0.591326
0.048748
0.145340
0.186131
0.348833
0.634823
0.483985
0.482533
0.277317
0.551368
0.509776
0.001265
0.138119
0.220906
0.322989
0.651613
0.577234
0.538136
0.553803
0.284965
0.517860
0.000996
0.406206
0.576274
0.160605
0.744206
0.393946
0.785159
0.765170
0.150361
0.237295
0.002476
0.502337
0.537102
0.264879
0.958777
0.741856
0.784584
0.443301
0.831584
0.488500
0.274287
0.321262
0.414511
0.065511
0.174592
0.366848
0.117335
0.717680
0.925324
0.476505
0.765297
0.843873
0.366422
0.910739
0.891081
0.773797
0.281686
0.224815
0.181492
0.261069
0.593132
0.533152
0.497101
0.364905
0.233390
0.306526
0.059771
0.548567
0.437574
0.624199
0.858545
0.494023
0.493055
0.836427
0.009163
0.030631
0.725413
0.312763
0.814615
0.644939
0.519078
0.046691
0.101865
0.005042
0.054564
0.868093
0.027238
0.053339
0.080953
0.194840
0.987263
0.692411
0.789254
0.935191
0.682841
0.651873
0.531595
0.780769
0.293822
0.172898
0.415054
0.261494
0.403107
0.962585
0.204599
0.574175
0.382896
0.904538
0.271759
0.776019
0.419858
0.156520
0.126456
0.584913
0.723101
0.768663
0.798802
0.580446
0.344989
0.685968
0.700457
0.741450
0.526729
0.255503
0.485716
0.753088
0.459414
0.857027
0.846899
0.006148
0.199751
0.708155
0.804967
0.200462
0.831632
0.699544
0.146573
0.615442
0.086982
0.471790
0.902468
0.478271
0.134487
0.947753
0.777238
0.551385
0.728711
0.975543
0.548141
0.683635
0.062435
0.911862
0.824173
0.882310
0.398251
0.483852
0.578978
0.662601
0.297422
0.694850
0.564255
0.051649
0.505775
0.826645
0.203197
0.433689
0.893458
0.474641
0.872857
0.628786
0.711050
0.571826
0.074761
0.003493
0.844782
0.446843
0.944578
0.702003
0.525684
0.504270
0.038927
0.994514
0.283512
0.650016
0.826105
0.427475
0.391440
0.827183
0.233728
0.838384
0.529019
0.487547
0.783719
0.923951
0.718199
0.038285
0.366181
0.689511
0.501953
0.806061
0.618330
0.865213
0.232838
0.475971
0.523073
0.545076
0.599581
0.525689
0.222174
0.692702
0.877862
0.697499
0.763785
0.893737
0.726538
0.593796
0.933335
0.354638
0.151406
0.632739
0.144963
0.726570
0.210439
0.127843
0.701900
0.372986
0.551531
0.823807
0.457495
0.581054
0.417342
0.528901
0.633858
0.516849
0.714148
0.459743
0.327403
0.603654
0.438572
0.970455
0.552042
0.720235
0.413926
0.418889
0.261585
0.055454
0.174792
0.029604
0.467894
0.593915
0.696041
0.041152
0.239970
0.561286
0.376303
0.819015
0.875182
0.031918
0.083292
0.160529
0.450749
0.023805
0.800337
0.434192
0.599862
0.450272
0.081765
0.319347
0.136231
0.000278
0.412374
0.440879
0.358544
0.576665
0.923603
0.786714
0.953176
0.999894
0.863928
0.021744
0.462194
0.759692
0.963441
0.865694
0.959672
0.612206
0.685265
0.659603
0.525882
0.485644
0.973462
0.823838
0.082877
0.680151
0.257819
0.410594
0.173911
0.263972
0.249326
0.237023
0.995638
0.581044
0.902314
0.724711
0.476916
0.877681
0.482714
0.377015
0.525251
0.512396
0.759061
0.503083
0.093277
0.070324
0.896721
0.551600
0.156577
0.573261
0.373292
0.487086
0.508327
0.300585
0.066286
0.556632
0.734766
0.374606
0.992018
0.426800
0.644745
0.427898
0.804472
0.433825
0.112142
0.019939
0.305058
0.335641
0.871793
0.804427
0.313826
0.529615
0.430087
0.542420
0.781911
0.507400
0.466344
0.968121
0.914795
0.231865
0.409032
0.512372
0.758830
0.527476
0.484239
0.568701
0.692962
0.846657
0.002537
0.545153
0.358297
0.211104
0.987850
0.095457
0.581171
0.929583
0.579126
0.704294
0.289968
0.968579
0.563673
0.572273
0.635595
0.379684
0.808007
0.422581
0.977389
0.990945
0.812910
0.867885
0.413724
0.384285
0.239424
0.330807
0.320349
0.303600
0.836665
0.140658
0.294802
0.110393
0.445178
0.269113
0.166660
0.387808
0.346459
0.373651
0.053162
0.753034
0.846515
0.821978
0.383226
0.050887
0.001450
0.692152
0.711887
0.399061
0.335520
0.579634
0.928231
0.481750
0.223135
0.034874
0.613337
0.568882
0.871749
0.626718
0.516437
0.474866
0.869151
0.814139
0.969564
0.738104
0.881373
0.807263
0.285179
0.084294
0.144414
0.784610
0.907075
0.217604
0.744352
0.033799
0.521927
0.778676
0.675684
0.972115
0.806014
0.950331
0.027957
0.496991
0.046607
0.821450
0.700453
0.948772
0.959552
0.386352
0.010698
0.964692
0.928817
0.923703
0.336182
0.249748
0.606037
0.829583
0.957673
0.947130
0.907860
0.195301
0.374639
0.215841
0.310450
0.038094
0.022344
0.853774
0.746153
0.555661
0.673295
0.224531
0.005488
0.913326
0.380689
0.967442
0.629035
0.896862
0.306817
0.337864
0.714896
0.938416
0.378744
0.688401
0.569667
0.207232
0.049472
0.522293
0.485878
0.018121
0.296075
0.155116
0.148306
0.928783
0.164680
0.072391
0.642606
0.616816
0.802998
0.146247
0.549280
0.615626
0.785242
0.653711
0.573539
0.137687
0.657395
0.794723
0.344780
0.260825
0.990154
0.389036
0.344024
0.654109
0.311070
0.519686
0.153834
0.459102
0.273232
0.210197
0.784646
0.716384
0.640686
0.247743
0.234613
0.494925
0.841784
0.857526
0.889813
0.332829
0.311991
0.061233
0.987827
0.404901
0.633148
0.107830
0.962982
0.859834
0.335321
0.589133
0.616145
0.794701
0.968020
0.643737
0.163863
0.058716
0.829081
0.941679
0.640283
0.077968
0.961678
0.691224
0.010012
0.528328
0.658636
0.915267
0.201520
0.732710
0.362196
0.027372
0.353012
0.001913
0.206037
0.999001
0.290172
0.119751
0.262766
0.176510
0.362034
0.618111
0.822299
0.295451
0.243347
0.193358
0.404607
0.131602
0.306818
0.939712
0.077107
0.359175
0.015681
0.619129
0.289901
0.551225
0.500476
0.672605
0.702714
0.346593
0.996216
0.551604
0.760682
0.158442
0.816720
0.580355
0.036867
0.261105
0.418456
0.330995
0.675873
0.360291
0.051557
0.499124
0.000952
0.700332
0.385669
0.397992
0.935142
0.213850
0.654588
0.645689
0.733735
0.744003
0.787028
0.860547
0.957218
0.639250
0.253734
0.763047
0.984091
0.251854
0.715316
0.516110
0.206280
0.402319
0.524165
0.552323
0.954802
0.410091
0.371323
0.204730
0.491476
0.337317
0.982354
0.999896
0.563744
0.336205
0.901596
0.929516
0.582275
0.968744
0.379843
0.364341
0.817392
0.076474
0.045070
0.517257
0.125184
0.281757
0.954938
0.073983
0.533404
0.797740
0.262502
0.542877
0.059092
0.951219
0.032687
0.773580
0.089992
0.038795
0.131258
0.671609
0.410625
0.363980
0.235019
0.884244
0.848150
0.203423
0.409241
0.955430
0.257920
0.907268
0.222209
0.140687
0.530902
0.447264
0.735533
0.918602
0.072239
0.511721
0.720545
0.075681
0.077949
0.679348
0.025403
0.955524
0.541427
0.573931
0.543640
0.075838
0.894099
0.736701
0.641975
0.775790
0.937886
0.021473
0.683476
0.227127
0.376257
0.248616
0.541253
0.684984
0.066932
0.846316
0.973532
0.685114
0.445256
0.497264
0.077119
0.801445
0.560565
0.673437
0.920072
0.005467
0.807039
0.697990
0.458223
0.430972
0.641888
0.135728
0.199442
0.483052
0.242657
0.731928
0.253370
0.334781
0.356292
0.057977
0.908783
0.572694
0.317527
0.064115
0.653657
0.300906
0.772375
0.910966
0.257475
0.616515
0.374334
0.819907
0.881817
0.441640
0.162907
0.514474
0.563061
0.787512
0.357851
0.656339
0.346713
0.307053
0.393879
0.090906
0.612037
0.151486
0.055864
0.614074
0.126082
0.175791
0.555331
0.360678
0.777432
0.998980
0.999816
0.146791
0.612563
0.465617
0.671863
0.657796
0.263943
0.270269
0.780676
0.257489
0.940058
0.195746
0.123544
0.613780
0.704613
0.036258
0.268078
0.050958
0.636892
0.887083
0.073097
0.592654
0.354161
0.656848
0.747267
0.041595
0.347616
0.182713
0.793765
0.372136
0.409252
0.202807
0.591443
0.557971
0.770339
0.537090
0.989932
0.180477
0.992668
0.478931
0.751662
0.427261
0.757866
0.570439
0.406467
0.050009
0.350969
0.493049
0.506580
0.170747
0.496073
0.120356
0.837582
0.830099
0.138159
0.570186
0.829555
0.989100
0.607421
0.139053
0.502113
0.829607
0.441877
0.795494
0.373676
0.225377
0.674078
0.355755
0.646567
0.341910
0.494884
0.674546
0.909544
0.911861
0.223185
0.530852
0.239975
0.578380
0.683116
0.630311
0.340114
0.926541
0.201422
0.525852
0.468150
0.632714
0.779859
0.287474
0.970906
0.206367
0.250249
0.919389
0.097679
0.172077
0.871642
0.837586
0.658076
0.225948
0.046424
0.707486
0.619563
0.477608
0.647459
0.088825
0.964416
0.812457
0.032411
0.704889
0.229614
0.910885
0.679354
0.313013
0.512599
0.196927
0.290761
0.073597
0.244612
0.309746
0.316286
0.510437
0.693763
0.495368
0.054740
0.856264
0.077223
0.385610
0.515621
0.094007
0.237584
0.587243
0.195348
0.438669
0.212044
0.332032
0.146986
0.809032
0.165363
0.566922
0.504657
0.504457
0.190336
0.338457
0.588690
0.734177
0.723399
0.354619
0.982258
0.358707
0.541702
0.722631
0.533208
0.529436
0.836063
0.918675
0.519545
0.922600
0.313199
0.415838
0.693522
0.728164
0.471434
0.335669
0.876070
0.647994
0.385115
0.106461
0.902289
0.616894
0.732255
0.079072
0.958701
0.961682
0.262729
0.173790
0.527535
0.373172
0.984736
0.452661
0.403217
0.278579
0.471280
0.706654
0.020937
0.111921
0.859118
0.004992
0.192664
0.089720
0.344194
0.411643
0.165464
0.870697
0.493656
0.011007
0.424012
0.685204
0.674626
0.268860
0.715406
0.448755
0.571773
0.392343
0.420421
0.219830
0.745573
0.636343
0.416288
0.061237
0.830397
0.806816
0.361830
0.149700
0.883878
0.732018
0.799342
0.173809
0.634520
0.135552
0.048215
0.819555
0.986855
0.704824
0.962937
0.313087
0.838304
0.047742
0.611923
0.236590
0.616002
0.095085
0.149381
0.786459
0.835045
0.838841
0.277393
0.677048
0.114294
0.667391
0.147933
0.870564
0.100381
0.186371
0.115748
0.208104
0.391568
0.147094
0.572082
0.324850
0.855564
0.290388
0.822088
0.397206
0.349308
0.013612
0.045074
0.483478
0.802482
0.857758
0.092809
0.649980
0.369051
0.025327
0.730627
0.348262
0.513869
0.719149
0.606086
0.272338
0.180951
0.452635
0.170127
0.371480
0.605962
0.890839
0.295100
0.183150
0.337893
0.605285
0.558655
0.654711
0.592197
0.408480
0.490213
0.153677
0.966770
0.897189
0.542426
0.109506
0.497907
0.847160
0.541165
0.457159
0.238787
0.947578
0.015992
0.869965
0.976147
0.806471
0.959264
0.137525
0.566461
0.062931
0.303384
0.257275
0.172783
0.594298
0.134745
0.593006
0.113902
0.170973
0.142871
0.738082
0.319384
0.585380
0.504701
0.204682
0.757620
0.180048
0.440051
0.862294
0.541758
0.326781
0.508049
0.050034
0.460370
0.751844
0.261946
0.722261
0.034478
0.859978
0.030546
0.610341
0.332273
0.849169
0.227712
0.385158
0.168056
0.445972
0.631726
0.298056
0.717014
0.695339
0.539826
0.560289
0.725240
0.113484
0.484927
0.543951
0.514215
0.589524
0.104584
0.511397
0.686621
0.948745
0.453376
0.410445
0.296701
0.149349
0.523383
0.410831
0.129905
0.004409
0.248140
0.432031
0.941481
0.504282
0.996237
0.318704
0.973048
0.001206
0.514250
0.596814
0.517434
0.647478
0.455802
0.289440
0.582624
0.200538
0.842209
0.593119
0.654125
0.829754
0.113080
0.333221
0.415907
0.512553
0.746079
0.741107
0.855531
0.304330
0.446893
0.897040
0.887619
0.860281
0.730148
0.513518
0.550802
0.034636
0.491731
0.750010
0.702285
0.837794
0.371931
0.711876
0.967486
0.538795
0.609976
0.443897
0.533413
0.227422
0.757579
0.647834
0.084212
0.972263
0.050327
0.483580
0.984837
0.200975
0.900276
0.584229
0.929057
0.282143
0.558858
0.036628
0.030219
0.355832
0.004989
0.096179
0.686135
0.665144
0.790715
0.489073
0.470098
0.132318
0.602899
0.238137
0.839571
0.070989
0.246320
0.490700
0.371666
0.064336
0.850197
0.465857
0.228956
0.272793
0.279724
0.795222
0.451914
0.120197
0.644087
0.586768
0.878614
0.882087
0.765374
0.401472
0.219318
0.513695
0.626323
0.605846
0.110552
0.874949
0.640505
0.140099
0.597711
0.147232
0.618631
0.725457
0.391758
0.622179
0.980330
0.294171
0.489460
0.269162
0.787418
0.971062
0.753647
0.288246
0.516182
0.486572
0.688642
0.355692
0.367805
0.804517
0.688693
0.916694
0.450347
0.868671
0.018730
0.055589
0.012842
0.704118
0.872662
0.160641
0.420710
0.502737
0.281017
0.416624
0.939578
0.408384
0.647837
0.297293
0.535942
0.037991
0.303798
0.360821
0.120231
0.083128
0.057304
0.381736
0.890983
0.587366
0.742903
0.820822
0.225131
0.310751
0.554284
0.971153
0.774008
0.644899
0.102724
0.394445
0.070659
0.215848
0.721342
0.605976
0.482058
0.784325
0.197332
0.907441
0.834352
0.295432
0.826235
0.478862
0.275729
0.678048
0.129480
0.601409
0.550066
0.328101
0.414841
0.883733
0.127420
0.121859
0.273204
0.747216
0.247491
0.496192
0.309233
0.673969
0.098815
0.963416
0.424510
0.428434
0.382081
0.245984
0.690613
0.693820
0.797775
0.142785
0.844979
0.178535
0.932648
0.166196
0.649781
0.826843
0.192182
0.976891
0.355083
0.591268
0.161860
0.534085
0.966970
0.670506
0.043584
0.835723
0.703292
0.981032
0.688985
0.877821
0.987393
0.087362
0.494924
0.796266
0.469578
0.587171
0.224787
0.483911
0.349162
0.956502
0.967708
0.281309
0.806483
0.306940
0.409569
0.834235
0.889426
0.576536
0.985851
0.234356
0.760337
0.086867
0.942783
0.176881
0.725195
0.684691
0.925608
0.363903
0.228341
0.227561
0.855605
0.034872
0.983394
0.129380
0.984210
0.424674
0.185263
0.729670
0.082319
0.419992
0.039935
0.500418
0.070682
0.697635
0.535164
0.936933
0.986991
0.135799
0.583212
0.939630
0.628915
0.311969
0.875845
0.942225
0.948191
0.765678
0.466899
0.953668
0.130416
0.836604
0.576498
0.056349
0.745341
0.533874
0.457328
0.895976
0.837808
0.900421
0.249583
0.671816
0.204862
0.185900
0.703589
0.209342
0.790871
0.499586
0.819483
0.930859
0.748084
0.893377
0.938238
0.291654
0.997297
0.489699
0.034721
0.444655
0.599009
0.911344
0.770123
0.136604
0.166632
0.928364
0.192126
0.550939
0.323957
0.145622
0.233669
0.038241
0.629351
0.477848
0.689454
0.903654
0.553057
0.591062
0.935685
0.884173
0.363857
0.088432
0.671760
0.496193
0.083687
0.257911
0.079091
0.548323
0.824091
0.372512
0.948673
0.802009
0.091165
0.824909
0.120738
0.129166
0.521620
0.040579
0.856969
0.189096
0.178587
0.258011
0.743159
0.966119
0.832505
0.080795
0.614798
0.282908
0.275876
0.732812
0.816900
0.881210
0.079576
0.531900
0.458561
0.877200
0.168004
0.894826
0.941546
0.478413
0.199576
0.555228
0.442013
0.520336
0.945953
0.114503
0.115126
0.101373
0.917502
0.131248
0.354269
0.013211
0.143660
0.433436
0.768981
0.859256
0.471056
0.782930
0.252621
0.630958
0.556414
0.961427
0.741174
0.866243
0.696073
0.034739
0.005938
0.572616
0.955987
0.234804
0.917900
0.693525
0.508545
0.302025
0.779720
0.959740
0.678443
0.007674
0.983967
0.078294
0.871406
0.730383
0.160982
0.026943
0.309050
0.841937
0.355806
0.615905
0.011916
0.625517
0.850912
0.127770
0.506424
0.948973
0.009360
0.170432
0.140299
0.758111
0.203814
0.418250
0.046800
0.739813
0.795648
0.266958
0.273649
0.599200
0.477732
0.653917
0.862414
0.474549
0.630157
0.752541
0.545796
0.071738
0.295706
0.262473
0.750175
0.745112
0.358005
0.353388
0.904545
0.756214
0.679558
0.366434
0.013022
0.413747
0.485964
0.413635
0.676939
0.781369
0.975362
0.315151
0.046128
0.271361
0.072333
0.035787
0.577337
0.359156
0.202132
0.798867
0.566573
0.858333
0.378901
0.084296
0.757342
0.028486
0.909507
0.458241
0.403900
0.359769
0.354351
0.453112
0.187556
0.188582
0.537858
0.604843
0.200062
0.156968
0.735143
0.634804
0.106930
0.225188
0.006926
0.972072
0.413031
0.887059
0.727396
0.699069
0.152438
0.304641
0.875099
0.794727
0.372659
0.654125
0.192960
0.600287
0.952218
0.316326
0.508905
0.369970
0.620238
0.689317
0.597200
0.262586
0.276037
0.439934
0.476711
0.226298
0.186356
0.957172
0.169351
0.679205
0.382934
0.080713
0.283929
0.813774
0.707712
0.251801
0.891478
0.054549
0.081615
0.318650
0.729144
0.407696
0.425371
0.294815
0.922326
0.716291
0.969550
0.197098
0.247688
0.157646
0.513964
0.260312
0.923835
0.572957
0.809344
0.563776
0.436555
0.453987
0.336339
0.456648
0.722821
0.563925
0.969943
0.945849
0.771896
0.173031
0.512942
0.691302
0.748203
0.442227
0.155867
0.096035
0.977476
0.454348
0.298823
0.572480
0.083934
0.714014
0.897428
0.271508
0.763358
0.955185
0.877881
0.713078
0.910746
0.183631
0.161309
0.659035
0.829687
0.452599
0.024377
0.150153
0.161484
0.162189
0.524030
0.728237
0.878236
0.563689
0.329909
0.382201
0.432073
0.307268
0.845499
0.732166
0.079685
0.803696
0.209845
0.212374
0.818016
0.430242
0.808259
0.629435
0.841901
0.442612
0.469892
0.412465
0.390645
0.495346
0.686036
0.911330
0.412278
0.869783
0.668874
0.993452
0.456719
0.828936
0.582173
0.951473
0.651494
0.595884
0.218898
0.023350
0.728082
0.845687
0.746208
0.179839
0.472042
0.780608
0.131779
0.627806
0.197754
0.853477
0.915112
0.204000
0.199035
0.687992
0.808233
0.027476
0.230039
0.950433
0.630179
0.134733
0.179894
0.243137
0.689402
0.900172
0.327685
0.667082
0.558599
0.809403
0.670967
0.175568
0.208738
0.015515
0.076207
0.415024
0.096219
0.808607
0.465099
0.587786
0.922688
0.041657
0.241607
0.493169
0.579822
0.557840
0.799966
0.729989
0.936452
0.447480
0.711451
0.719045
0.412261
0.083783
0.579397
0.031862
0.159527
0.752457
0.782258
0.201340
0.548197
0.612869
0.492588
0.356867
0.088361
0.441698
0.666851
0.607481
0.688395
0.956473
0.362834
0.769876
0.061853
0.923495
0.767958
0.206190
0.884015
0.664318
0.161916
0.805642
0.825532
0.050088
0.408083
0.571496
0.348834
0.364269
0.516303
0.234028
0.656478
0.422266
0.282358
0.740592
0.447515
0.542975
0.426095
0.859708
0.595958
0.744011
0.567365
0.100519
0.843475
0.627866
0.598934
0.937933
0.019418
0.679849
0.988655
0.468148
0.825351
0.045601
0.359742
0.503074
0.815105
0.959742
0.562591
0.298669
0.525049
0.765844
0.788430
0.379396
0.063975
0.109623
0.479686
0.488799
0.588895
0.556483
0.439708
0.904337
0.306642
0.637283
0.924340
0.275299
0.862487
0.573373
0.744920
0.458763
0.012013
0.861525
0.146158
0.796736
0.884724
0.683691
0.412777
0.579245
0.452107
0.588653
0.152479
0.825835
0.905095
0.665882
0.351976
0.458909
0.693032
0.855689
0.670758
0.574243
0.005644
0.879914
0.845962
0.137841
0.675687
0.674514
0.590445
0.843132
0.899558
0.145555
0.633660
0.615524
0.924899
0.165882
0.123637
0.151138
0.998059
0.547703
0.490210
0.142089
0.412037
0.994063
0.316953
0.498023
0.346210
0.468045
0.248042
0.306562
0.554781
0.768597
0.212569
0.807700
0.950787
0.054649
0.040947
0.606895
0.013341
0.455466
0.438153
0.546804
0.597067
0.764232
0.098417
0.018050
0.543238
0.331617
0.706383
0.966435
0.494721
0.098168
0.217821
0.988652
0.306021
0.561455
0.397607
0.528536
0.123108
0.839783
0.363562
0.874724
0.644480
0.662607
0.345658
0.008033
0.650126
0.376046
0.811264
0.099108
0.808817
0.861458
0.768823
0.201098
0.682763
0.113456
0.898714
0.953126
0.194521
0.894056
0.244775
0.380557
0.008290
0.762847
0.121301
0.936838
0.522519
0.136543
0.188290
0.183272
0.378522
0.917378
0.284909
0.820429
0.486237
0.019608
0.616574
0.625912
0.156768
0.444418
0.250714
0.208187
0.179553
0.064574
0.682371
0.238896
0.544574
0.338128
0.026778
0.308912
0.873042
0.244026
0.728685
0.114481
0.258696
0.163522
0.940156
0.282643
0.716439
0.487551
0.595063
0.459702
0.882722
0.969120
0.956386
0.422515
0.606553
0.319044
0.536479
0.220690
0.992424
0.304586
0.755920
0.052288
0.934445
0.871168
0.266286
0.669145
0.128699
0.058508
0.916297
0.914513
0.147564
0.858087
0.667081
0.479218
0.462988
0.592085
0.371032
0.691267
0.184213
0.834985
0.893305
0.599507
0.142395
0.107089
0.139038
0.581542
0.255159
0.970645
0.518406
0.581746
0.233667
0.200302
0.818205
0.910177
0.454005
0.452917
0.249292
0.369315
0.710440
0.450379
0.498006
0.136080
0.471549
0.675405
0.556589
0.971349
0.430981
0.394956
0.063220
0.251603
0.050296
0.864535
0.756945
0.691275
0.710254
0.316863
0.173574
0.961425
0.559669
0.635079
0.893980
0.906514
0.778078
0.574147
0.606604
0.358524
0.530271
0.956487
0.456909
0.754600
0.789416
0.375424
0.524406
0.608114
0.973679
0.200333
0.849620
0.192620
0.408317
0.468996
0.592518
0.671820
0.050579
0.410005
0.276070
0.674652
0.236068
0.028475
0.386925
0.844549
0.879781
0.228263
0.151729
0.357099
0.187651
0.574967
0.653615
0.902959
0.875094
0.211683
0.477570
0.216649
0.936411
0.474113
0.881714
0.683941
0.363544
0.490896
0.333087
0.075319
0.674090
0.300909
0.897072
0.031900
0.516832
0.923330
0.129918
0.708040
0.385104
0.389666
0.500814
0.028313
0.985810
0.379631
0.367203
0.839636
0.105235
0.368998
0.344413
0.774474
0.644480
0.855646
0.837784
0.840728
0.745838
0.489705
0.303999
0.111011
0.037227
0.608707
0.945591
0.445722
0.588888
0.053134
0.215618
0.794546
0.525412
0.634496
0.213878
0.586083
0.705617
0.206369
0.593807
0.299426
0.808021
0.035463
0.356477
0.804439
0.295906
0.878666
0.685180
0.371621
0.323404
0.573788
0.481341
0.496998
0.235661
0.196575
0.020746
0.460501
0.404134
0.582380
0.977150
0.705976
0.244391
0.784579
0.257854
0.140164
0.162318
0.118539
0.873824
0.830618
0.318905
0.938952
0.523193
0.168419
0.895417
0.687938
0.137617
0.145623
0.978556
0.311580
0.086402
0.817668
0.165696
0.892379
0.551745
0.149004
0.750189
0.210301
0.487409
0.200710
0.129518
0.255394
0.282563
0.649144
0.331219
0.497529
0.412468
0.666341
0.251404
0.617684
0.281716
0.673798
0.854645
0.305288
0.262818
0.724881
0.394648
0.659472
0.381292
0.938330
0.269339
0.130132
0.751056
0.259972
0.355192
0.805609
0.644344
0.668814
0.363507
0.841043
0.480101
0.018662
0.546200
0.551960
0.986749
0.640003
0.926149
0.937896
0.566607
0.679666
0.075523
0.558707
0.964683
0.218857
0.201623
0.954514
0.625824
0.556473
0.651309
0.099516
0.598722
0.894147
0.509653
0.202077
0.029910
0.998058
0.367017
0.825300
0.784285
0.659889
0.104057
0.667632
0.587579
0.901905
0.332538
0.876947
0.740939
0.456131
0.603136
0.326851
0.539950
0.738479
0.881673
0.238667
0.607936
0.651866
0.512959
0.441873
0.543603
0.339427
0.345198
0.807400
0.987469
0.336729
0.921739
0.223651
0.988489
0.368657
0.525909
0.536120
0.505880
0.845837
0.507484
0.119378
0.631488
0.927228
0.675180
0.062823
0.998160
0.253253
0.063132
0.381589
0.439034
0.921783
0.357569
0.098788
0.645889
0.882288
0.232335
0.204461
0.460471
0.840508
0.866317
0.798299
0.302884
0.784377
0.528456
0.417636
0.916211
0.932434
0.797322
0.137229
0.975846
0.596584
0.021183
0.072003
0.932734
0.617305
0.815843
0.663528
0.467157
0.484742
0.613870
0.963104
0.241797
0.803860
0.926759
0.482329
0.960606
0.110786
0.879958
0.463444
0.095301
0.611742
0.496353
0.029871
0.723175
0.959123
0.416991
0.867125
0.817764
0.697907
0.612075
0.647128
0.259149
0.554470
0.940704
0.951799
0.098663
0.947149
0.838811
0.558525
0.491632
0.899031
0.439874
0.567412
0.437142
0.002161
0.445555
0.621897
0.407203
0.843812
0.194282
0.383912
0.359151
0.887960
0.308079
0.759948
0.964133
0.708335
0.425134
0.661645
0.541066
0.911492
0.313095
0.691326
0.709757
0.068206
0.330747
0.196983
0.783178
0.887860
0.531429
0.890969
0.306786
0.899569
0.875051
0.594195
0.225021
0.402738
0.039076
0.258414
0.629201
0.652872
0.778737
0.649846
0.934798
0.653172
0.185514
0.961789
0.143445
0.224219
0.422573
0.434612
0.324101
0.185710
0.931414
0.112010
0.770744
0.520563
0.614737
0.111396
0.708115
0.015763
0.308708
0.385928
0.838910
0.470648
0.428560
0.909077
0.742611
0.115837
0.538911
0.234640
0.992729
0.859135
0.925612
0.157001
0.735098
0.527356
0.150316
0.495959
0.523430
0.250710
0.871868
0.704650
0.254574
0.288504
0.048334
0.103139
0.278347
0.648529
0.932805
0.837686
0.978295
0.711709
0.278325
0.117837
0.174275
0.753744
0.528333
0.660622
0.278881
0.576392
0.472270
0.368279
0.641805
0.954575
0.822339
0.242512
0.157302
0.929244
0.161889
0.237381
0.415626
0.382307
0.449519
0.726867
0.992054
0.055616
0.982789
0.214941
0.440703
0.199203
0.961776
0.063676
0.395936
0.554704
0.039999
0.893989
0.783210
0.399585
0.319225
0.961129
0.429711
0.775603
0.440641
0.037094
0.160059
0.144387
0.678013
0.240913
0.200981
0.631775
0.587701
0.696607
0.802060
0.603639
0.222645
0.432564
0.581514
0.064856
0.198711
0.903499
0.338248
0.480605
0.255948
0.090210
0.517134
0.697910
0.247749
0.475746
0.490709
0.171093
0.644154
0.365709
0.811824
0.247823
0.532515
0.369305
0.199207
0.887024
0.571428
0.912083
0.699219
0.193398
0.004510
0.996776
0.748530
0.208572
0.771526
0.618352
0.004846
0.593885
0.017497
0.408124
0.813099
0.671858
0.272382
0.473089
0.193935
0.918569
0.335632
0.693664
0.083215
0.476846
0.476517
0.438091
0.961373
0.018723
0.995166
0.195574
0.721994
0.192792
0.451374
0.965977
0.332369
0.843754
0.799891
0.752162
0.439654
0.737847
0.324206
0.397533
0.207915
0.264449
0.843104
0.011346
0.327455
0.559474
0.870019
0.424138
0.409997
0.870388
0.805309
0.092995
0.851558
0.161134
0.006781
0.461343
0.974924
0.417777
0.185815
0.383126
0.633261
0.292098
0.468051
0.705668
0.984128
0.087937
0.198607
0.034400
0.011774
0.225929
0.754201
0.233251
0.413063
0.547152
0.080151
0.112148
0.872878
0.216692
0.120482
0.218978
0.498417
0.894046
0.487848
0.747188
0.123980
0.518177
0.660388
0.607305
0.402457
0.672330
0.084736
0.196020
0.188724
0.298544
0.335072
0.413815
0.824438
0.530512
0.236308
0.811907
0.250817
0.238468
0.081513
0.984657
0.000231
0.966578
0.441465
0.042581
0.575310
0.939395
0.858647
0.743871
0.661072
0.995370
0.552085
0.257667
0.137362
0.714108
0.341909
0.702845
0.355753
0.427107
0.832022
0.427407
0.810813
0.317715
0.720011
0.352544
0.335971
0.278462
0.155191
0.690957
0.032265
0.511428
0.103830
0.716314
0.883697
0.256801
0.613108
0.123052
0.051009
0.093381
0.502354
0.152103
0.793838
0.726379
0.966695
0.241583
0.822401
0.373133
0.967284
0.385814
0.232867
0.566701
0.326822
0.269897
0.130520
0.148851
0.809201
0.471198
0.731519
0.552070
0.614913
0.697173
0.546663
0.363546
0.159752
0.364929
0.391974
0.238594
0.621383
0.096627
0.871768
0.384776
0.546431
0.284009
0.053550
0.976163
0.629731
0.105778
0.743641
0.690343
0.218683
0.296012
0.986902
0.329454
0.043097
0.360188
0.671558
0.595835
0.600937
0.495938
0.715923
0.322950
0.145436
0.522049
0.898052
0.792471
0.267663
0.727393
0.623090
0.862851
0.482928
0.581052
0.968002
0.372474
0.056730
0.223426
0.340512
0.118307
0.975104
0.375027
0.852746
0.989892
0.255981
0.374975
0.774132
0.545257
0.460865
0.411546
0.303196
0.997806
0.652431
0.132580
0.767607
0.478892
0.891242
0.615868
0.021416
0.864398
0.323045
0.156467
0.477200
0.354237
0.828034
0.366932
0.549802
0.491157
0.585968
0.195177
0.874623
0.096287
0.527988
0.509853
0.317914
0.826801
0.613625
0.738135
0.684993
0.028889
0.858155
0.644258
0.760558
0.610191
0.759151
0.700102
0.479437
0.399639
0.508543
0.556829
0.283744
0.467415
0.366899
0.988193
0.297922
0.564919
0.412903
0.564035
0.344592
0.519988
0.979594
0.737517
0.016478
0.466456
0.046649
0.351477
0.406916
0.227761
0.024442
0.825707
0.233036
0.478441
0.599803
0.819400
0.216702
0.048138
0.559478
0.655327
0.922812
0.100976
0.145068
0.299853
0.271345
0.325799
0.743568
0.618150
0.542132
0.622543
0.139068
0.086330
0.781332
0.552066
0.920123
0.916765
0.329176
0.812395
0.470194
0.026229
0.639863
0.037325
0.503534
0.360036
0.752068
0.187602
0.424523
0.246906
0.408401
0.546664
0.006365
0.171459
0.481171
0.809786
0.096103
0.692904
0.188042
0.119397
0.385705
0.737243
0.462012
0.028908
0.198778
0.092389
0.074786
0.935702
0.102483
0.416693
0.091015
0.535019
0.062493
0.923084
0.958153
0.942112
0.521915
0.481631
0.604200
0.870461
0.786354
0.410156
0.601904
0.942291
0.453020
0.288042
0.585462
0.731153
0.050985
0.898490
0.696719
0.352996
0.519957
0.202560
0.345167
0.927134
0.035871
0.992661
0.683149
0.342164
0.293936
0.680204
0.453267
0.527353
0.065594
0.513390
0.266446
0.980945
0.701014
0.910559
0.256525
0.177701
0.174984
0.930173
0.105314
0.994302
0.902542
0.278648
0.085862
0.860062
0.231844
0.913767
0.239838
0.284693
0.078217
0.987032
0.032946
0.627140
0.335096
0.066063
0.829649
0.839659
0.734870
0.088001
0.924307
0.972187
0.321515
0.654441
0.780667
0.502206
0.134386
0.193627
0.653972
0.375262
0.378079
0.429477
0.501689
0.939919
0.387443
0.057291
0.975983
0.467901
0.915433
0.858853
0.061477
0.554984
0.850297
0.363195
0.569378
0.493337
0.179781
0.155185
0.191949
0.918029
0.123024
0.891142
0.004798
0.396506
0.481386
0.616330
0.616418
0.738726
0.919925
0.970984
0.840377
0.436760
0.387134
0.701628
0.687049
0.158475
0.594976
0.909080
0.408660
0.520004
0.560946
0.432909
0.307647
0.644078
0.273556
0.716875
0.079382
0.134091
0.745579
0.045599
0.455376
0.242700
0.253691
0.650125
0.457367
0.552396
0.306463
0.195677
0.156941
0.841682
0.454818
0.544430
0.712191
0.000716
0.514241
0.890397
0.250389
0.019968
0.284878
0.166430
0.840223
0.760558
0.704131
0.760796
0.795991
0.291569
0.161036
0.785008
0.514521
0.330997
0.832039
0.998379
0.354491
0.586507
0.688441
0.381614
0.471762
0.675350
0.098408
0.036965
0.038625
0.145208
0.164534
0.072888
0.715940
0.707817
0.625279
0.630406
0.724543
0.619139
0.969849
0.941648
0.142926
0.617504
0.053145
0.135734
0.983004
0.291430
0.211157
0.826593
0.768202
0.475076
0.240607
0.373251
0.322396
0.378134
0.993143
0.733856
0.936781
0.377404
0.005830
0.081695
0.794079
0.136373
0.737443
0.932334
0.497377
0.899126
0.512893
0.703133
0.264767
0.127533
0.401050
0.393980
0.212749
0.327756
0.284522
0.207414
0.782576
0.083838
0.306752
0.025664
0.423582
0.542112
0.197166
0.771764
0.326513
0.719843
0.760686
0.065394
0.885207
0.192015
0.802600
0.248330
0.743215
0.105195
0.348340
0.854096
0.055649
0.708398
0.641454
0.714748
0.379460
0.695530
0.548414
0.113582
0.154073
0.603350
0.705025
0.541850
0.183849
0.498207
0.777905
0.304112
0.748511
0.086370
0.492672
0.357931
0.235709
0.012278
0.814384
0.217745
0.431456
0.925131
0.672776
0.584720
0.114027
0.388813
0.435230
0.725486
0.705435
0.573704
0.612973
0.070239
0.985096
0.632807
0.208376
0.767938
0.671647
0.776313
0.160051
0.201047
0.443960
0.166010
0.282786
0.062929
0.703351
0.186328
0.568269
0.165007
0.339084
0.352846
0.648366
0.187293
0.813854
0.664436
0.324638
0.247982
0.455344
0.647787
0.305487
0.726351
0.347350
0.325163
0.169247
0.468985
0.287984
0.055792
0.942615
0.256363
0.206690
0.730373
0.786283
0.299926
0.392347
0.979758
0.658429
0.706673
0.618789
0.921399
0.522005
0.296367
0.212215
0.746339
0.595244
0.911298
0.923502
0.333262
0.620027
0.951413
0.580901
0.710208
0.637280
0.245110
0.448716
0.044105
0.556893
0.780710
0.692631
0.923938
0.529752
0.089810
0.476908
0.163039
0.056260
0.109308
0.045622
0.876492
0.236396
0.938971
0.288112
0.655833
0.323548
0.614114
0.963593
0.304055
0.373288
0.946600
0.816936
0.947131
0.224091
0.510358
0.875954
0.952616
0.508452
0.797463
0.874663
0.641569
0.889840
0.214390
0.793734
0.346779
0.912309
0.017219
0.403018
0.602442
0.020788
0.896822
0.499650
0.009093
0.741025
0.804666
0.259852
0.813898
0.701918
0.003125
0.546733
0.662674
0.643282
0.188288
0.644242
0.673408
0.903531
0.561772
0.419667
0.411283
0.377421
0.776379
0.662184
0.786965
0.618566
0.859753
0.139993
0.624342
0.202321
0.829574
0.603361
0.511593
0.073212
0.910073
0.644231
0.653572
0.537304
0.658926
0.020229
0.563589
0.235981
0.804093
0.945770
0.159249
0.241065
0.994654
0.491806
0.351318
0.579614
0.057897
0.582746
0.245497
0.141420
0.319539
0.350314
0.800443
0.306471
0.962268
0.032971
0.400332
0.110340
0.118463
0.901234
0.167164
0.731171
0.704693
0.936530
0.433969
0.854613
0.239598
0.636636
0.791222
0.644577
0.195348
0.875007
0.951585
0.990666
0.587494
0.539829
0.372748
0.979718
0.584918
0.027631
0.994198
0.772394
0.087171
0.273836
0.352137
0.631884
0.595962
0.143165
0.492239
0.617595
0.025732
0.834390
0.428423
0.475921
0.730357
0.032227
0.385795
0.958350
0.213651
